39
(20.0, 90.0), (20.0, 20.0), 0, 0, 0
(20.0, 60.0), (60.0, 60.0), 0, 0, 0
(60.0, 20.0), (60.0, 60.0), 0, 0, 0
(60.0, 20.0), (60.0, 90.0), 0, 0, 0
(70.0, 20.0), (70.0, 90.0), 0, 0, 0
(70.0, 90.0), (110.0, 90.0), 0, 0, 0
(70.0, 60.0), (110.0, 60.0), 0, 0, 0
(70.0, 20.0), (110.0, 20.0), 0, 0, 0
(120.0, 90.0), (120.0, 20.0), 0, 0, 0
(120.0, 20.0), (160.0, 20.0), 0, 0, 0
(170.0, 20.0), (170.0, 90.0), 0, 0, 0
(170.0, 20.0), (210.0, 20.0), 0, 0, 0
(220.0, 20.0), (220.0, 90.0), 0, 0, 0
(220.0, 20.0), (260.0, 20.0), 0, 0, 0
(220.0, 90.0), (260.0, 90.0), 0, 0, 0
(260.0, 90.0), (260.0, 20.0), 0, 0, 0
(300.0, 90.0), (310.0, 20.0), 0, 0, 0
(310.0, 20.0), (320.0, 90.0), 0, 0, 0
(320.0, 90.0), (330.0, 20.0), 0, 0, 0
(330.0, 20.0), (340.0, 90.0), 0, 0, 0
(350.0, 20.0), (350.0, 90.0), 0, 0, 0
(350.0, 20.0), (390.0, 20.0), 0, 0, 0
(350.0, 90.0), (390.0, 90.0), 0, 0, 0
(390.0, 90.0), (390.0, 20.0), 0, 0, 0
(400.0, 20.0), (400.0, 90.0), 0, 0, 0
(400.0, 90.0), (440.0, 90.0), 0, 0, 0
(400.0, 50.0), (440.0, 50.0), 0, 0, 0
(440.0, 50.0), (440.0, 90.0), 0, 0, 0
(400.0, 50.0), (440.0, 20.0), 0, 0, 0
(450.0, 20.0), (450.0, 90.0), 0, 0, 0
(450.0, 20.0), (490.0, 20.0), 0, 0, 0
(500.0, 20.0), (500.0, 90.0), 0, 0, 0
(500.0, 20.0), (535.0, 20.0), 0, 0, 0
(500.0, 90.0), (535.0, 90.0), 0, 0, 0
(535.0, 90.0), (540.0, 85.0), 0, 0, 0
(535.0, 20.0), (540.0, 25.0), 0, 0, 0
(540.0, 25.0), (540.0, 85.0), 0, 0, 0
(550.0, 20.0), (560.0, 30.0), 0, 0, 1
(550.0, 30.0), (560.0, 20.0), 0, 0, 1 
