1000
(894.390134041, 146.634091941), (886.134566944, 143.871228428), 0.80510879379, 0.908851187527, 0
(424.208682303, 819.671978914), (433.6608278, 814.924509461), 0.0830221985349, 0.628270875126, 0
(602.620708806, 808.886099404), (598.599443028, 811.698512015), 0.179176607053, 0.426934671824, 0
(200.128324447, 950.451777381), (194.335614803, 957.425219139), 0.272334793128, 0.408223794644, 0
(548.384450961, 776.416861419), (552.337426527, 778.059882937), 0.318319546918, 0.46983863588, 0
(448.457960934, 655.97234713), (457.085870504, 647.767982034), 0.244909575335, 0.477269801336, 0
(846.505341481, 305.42367516), (849.14045214, 307.535023823), 0.446086563507, 0.962794458844, 0
(487.695491515, 169.086670322), (491.078151669, 172.200393304), 0.103123780539, 0.388968238816, 0
(428.979744085, 3.98841294114), (437.166010577, -0.218529603156), 0.930026953248, 0.484895109104, 0
(578.058022631, 454.69696239), (571.523585261, 456.517639342), 0.309513290863, 0.971245066444, 0
(939.789176899, 514.483993769), (948.419286088, 511.124216081), 0.939022775228, 0.769097765633, 0
(976.22819196, 784.224798184), (980.742428413, 775.756487559), 0.738208074274, 0.89814345483, 0
(567.564463925, 255.864414871), (558.039340334, 251.315450801), 0.529431400431, 0.236702174166, 0
(574.124422394, 253.640651405), (577.41410598, 262.585271914), 0.738511127062, 0.560773956311, 0
(335.99888811, 30.0720453697), (326.587908042, 38.7312279574), 0.515889015608, 0.597567733529, 0
(908.535427495, 832.42856505), (916.300376144, 836.45113892), 0.736863525401, 0.427828960519, 0
(305.856944896, 150.504416131), (302.77317275, 149.552656463), 0.580559053758, 0.0820393306489, 0
(661.20622787, 915.475088304), (652.654700245, 921.347505049), 0.781784016631, 0.336353683638, 0
(376.987362492, 848.155237448), (386.180885501, 851.666902664), 0.125930138254, 0.590794467269, 0
(219.338207511, 787.800482219), (211.473512441, 784.268211733), 0.108664391523, 0.00164888031464, 0
(263.588313761, 479.102007678), (262.74239229, 472.724193308), 0.337310546959, 0.552040490507, 0
(599.965265539, 133.811230313), (590.801017974, 143.727791089), 0.756166219889, 0.889803113538, 0
(233.359262275, 371.099851083), (224.944304824, 362.372876635), 0.432643866421, 0.755464362546, 0
(835.046061109, 454.184227818), (843.269372131, 447.461592767), 0.449577008447, 0.584683750446, 0
(336.724613608, 99.6369931171), (341.24034638, 92.5653415799), 0.262446180621, 0.135857767195, 0
(978.711496686, 926.02177198), (978.822122737, 933.852294417), 0.384033427529, 0.685507091438, 0
(875.517090934, 821.892440094), (882.808266902, 824.090432219), 0.270310896086, 0.821025477324, 0
(142.903948249, 75.2996377279), (135.855888623, 82.3077243688), 0.302006150716, 0.670031230871, 0
(853.289771047, 803.661218535), (862.435341485, 808.544241036), 0.337073119866, 0.345032574317, 0
(228.948435028, 105.04088302), (236.948980795, 102.630900081), 0.845891846577, 0.905905827899, 0
(97.4045906618, 91.8825231726), (94.826053724, 82.6180839426), 0.686882362474, 0.173693522447, 0
(882.549708898, 629.270411667), (890.307190831, 631.451414358), 0.163510098937, 0.396152238381, 0
(926.157330107, 655.977237799), (932.49931, 659.931636489), 0.634824322515, 0.415516189703, 0
(434.02910854, 352.218799523), (430.043603031, 361.766327455), 0.513864056183, 0.555515869796, 0
(657.684835148, 891.075060473), (660.130445267, 891.934067044), 0.77609194182, 0.289883070673, 0
(89.5833190587, 430.642088327), (81.5455235042, 438.149410195), 0.185915694446, 0.0836346115705, 0
(426.374025631, 91.4934440859), (418.624992498, 89.3489152095), 0.470995852321, 0.880233102864, 0
(7.89001471367, 700.436571005), (3.18080951218, 696.218777575), 0.0271172924997, 0.833026092708, 0
(339.64421218, 365.719067204), (342.45642661, 371.22957015), 0.317534784094, 0.814247133337, 0
(355.215330984, 858.230492073), (351.38514808, 861.933205574), 0.771229782601, 0.195921836399, 0
(277.294991629, 46.0902428246), (284.48517977, 45.8497631521), 0.327519461486, 0.323740832107, 0
(512.816286929, 543.111547298), (516.984218356, 544.292757613), 0.151620932283, 0.430531925843, 0
(640.944019699, 837.762780213), (631.866349602, 840.719135857), 0.0536162709096, 0.789190262059, 0
(624.856994531, 457.811022253), (618.230494328, 467.759734926), 0.7692566443, 0.442573323489, 0
(370.665808046, 947.926657672), (372.346636958, 946.854168152), 0.0911184760541, 0.778552328222, 0
(911.085686964, 161.784833478), (908.332997028, 156.448903313), 0.357131677621, 0.646507097885, 0
(323.451720791, 936.629749991), (319.223925535, 930.809455517), 0.613818286498, 0.970008596936, 0
(847.315530224, 893.702982795), (843.938266251, 891.791564019), 0.83110211438, 0.886321307552, 0
(549.094713371, 613.739523726), (541.673281644, 619.275461359), 0.746902939483, 0.898690764303, 0
(160.748900169, 798.441275348), (167.535227147, 794.02171328), 0.0212874485017, 0.0123828261094, 0
(59.6923037083, 187.649919731), (55.714466601, 188.072381853), 0.633864631351, 0.925193839887, 0
(577.43887376, 601.320309061), (573.718615553, 595.854897482), 0.833697488356, 0.815853824623, 0
(565.301023881, 766.119339335), (572.823578353, 767.218049654), 0.973234906803, 0.739738342827, 0
(934.278185327, 533.466122108), (925.221877788, 532.843697996), 0.00443027796746, 0.0180956142019, 0
(629.128531907, 121.15066411), (625.789053743, 113.034827218), 0.0851660651366, 0.53361513713, 0
(732.00348875, 297.634735582), (731.643916313, 302.31686963), 0.51109918684, 0.703794282512, 0
(243.134014113, 650.819983308), (246.443293119, 657.590638066), 0.0267085626593, 0.913874917605, 0
(175.847301101, 570.534640952), (182.725903901, 578.940715376), 0.279972277624, 0.208113628213, 0
(110.512429127, 753.567442713), (119.322810739, 763.400572311), 0.429991150114, 0.166537351063, 0
(635.488992847, 999.694289756), (638.914302609, 995.10367289), 0.950854224316, 0.724048312454, 0
(665.998381863, 520.380107352), (671.205161501, 522.776440418), 0.943754505711, 0.966024420213, 0
(324.852557912, 585.577598772), (318.042491695, 584.451656329), 0.878177819509, 0.874959833372, 0
(752.025320809, 744.677412898), (759.415150908, 752.94267433), 0.498221516471, 0.797975308534, 0
(410.403238166, 955.503207121), (405.06386383, 947.184927653), 0.412893670601, 0.435948121226, 0
(100.377237624, 264.910318362), (100.710478, 262.916448541), 0.107607851477, 0.758182596981, 0
(205.855372331, 169.398318128), (201.001403116, 161.442309856), 0.137243502538, 0.905936457061, 0
(953.940781301, 181.489874517), (959.412487762, 188.277874199), 0.937152746072, 0.894563047331, 0
(539.172638809, 628.531979362), (529.902915571, 619.212025236), 0.309188472745, 0.0886068502098, 0
(331.084427693, 873.801653892), (327.253955558, 864.932836234), 0.909699204673, 0.459464323333, 0
(88.9941464821, 181.430410044), (91.798235891, 171.55891684), 0.698543486605, 0.992902369088, 0
(86.6941788317, 224.909695948), (94.1662797801, 232.647242172), 0.680156460335, 0.115799596404, 0
(267.763119775, 253.495886487), (277.502726138, 260.979518142), 0.0871780653035, 0.662160849156, 0
(600.051121629, 713.391574775), (606.810454986, 710.027246047), 0.379553082452, 0.542875769343, 0
(480.437490542, 550.541995186), (473.036523146, 546.108504598), 0.663006452214, 0.0501399994589, 0
(323.912386158, 275.712878079), (324.073623554, 278.910169693), 0.841466765116, 0.322568367291, 0
(75.2058313261, 779.201379743), (65.7849940385, 777.055827618), 0.818239572427, 0.279511183579, 0
(514.724224127, 679.890865399), (512.698977012, 683.247258458), 0.96643913887, 0.566059224912, 0
(649.578445221, 758.890781378), (649.122886748, 762.411799019), 0.436013107502, 0.528297028106, 0
(388.366624777, 826.880184619), (379.267750757, 834.387340485), 0.94709010799, 0.399008600045, 0
(981.535564013, 422.701976005), (988.663902294, 427.030582274), 0.849863968303, 0.532310069358, 0
(888.84251304, 541.274412773), (891.148009321, 550.932642625), 0.0915273809974, 0.945501693043, 0
(533.990605602, 998.555716558), (543.017770709, 990.878013311), 0.562626073046, 0.102208353128, 0
(905.943009272, 743.823700018), (908.669309742, 735.981991788), 0.404965340635, 0.915634160613, 0
(661.164724756, 497.89495163), (654.123640782, 506.733452827), 0.710305780487, 0.110974171, 0
(166.867998303, 844.296004647), (161.216884161, 852.119611549), 0.286827978877, 0.143563672862, 0
(430.535394987, 425.841529208), (421.599785785, 427.417401329), 0.334098633367, 0.63098174646, 0
(959.797646787, 324.819166401), (962.649535333, 317.67000954), 0.914328236804, 0.0796605611921, 0
(751.191191831, 803.423448124), (751.437157091, 811.99914372), 0.9665995332, 0.55722752382, 0
(441.256784663, 983.901977619), (440.797668168, 978.555137615), 0.997734405984, 0.204998114775, 0
(369.407506467, 164.913280362), (369.107735473, 163.468628891), 0.73059189783, 0.735810459822, 0
(538.911058937, 361.328163234), (539.240952644, 365.617734719), 0.0916261125677, 0.214549341422, 0
(852.910778404, 777.040563116), (849.987717712, 786.872922788), 0.850378960374, 0.40919252912, 0
(302.635641547, 840.570096553), (303.954891225, 841.015357026), 0.668965913953, 0.715374663406, 0
(544.031534717, 879.896361504), (543.571579833, 881.696248631), 0.481254433075, 0.166473124343, 0
(270.00409068, 253.961954941), (278.217081848, 245.823614128), 0.958496676587, 0.11326085218, 0
(37.8171350185, 272.001848202), (40.77552781, 265.981918712), 0.180175188297, 0.108175626184, 0
(742.994116553, 258.947095152), (737.87879929, 253.791368483), 0.280124704275, 0.622801654747, 0
(725.528005755, 618.598576565), (726.054652877, 608.904909772), 0.72888753064, 0.904171196371, 0
(876.294412335, 278.176734366), (873.283300475, 274.553554532), 0.677155678693, 0.646261275287, 0
(847.053250682, 714.062751723), (843.226472779, 717.137196413), 0.177701449586, 0.508918069829, 0
(53.8321995655, 925.26699192), (52.5269870721, 934.582912541), 0.506201409267, 0.299356037492, 0
(712.54334695, 406.329415996), (708.002809375, 409.653571112), 0.328335719916, 0.652481354449, 0
(471.707884778, 575.925255219), (469.971918341, 566.774331237), 0.51264334056, 0.998034812957, 0
(349.330890171, 349.717013184), (358.799780454, 347.503139801), 0.0403655675105, 0.573865080478, 0
(689.302361088, 189.481567631), (680.917489659, 182.685965634), 0.76497772569, 0.816506370766, 0
(786.550541305, 885.233989157), (785.402419108, 882.057291962), 0.131281061646, 0.565430249938, 0
(856.337713662, 632.419072521), (853.093633537, 638.296741928), 0.698276471649, 0.0228562411686, 0
(839.81990495, 33.7108203708), (837.477676421, 26.8652414132), 0.861783616412, 0.885667238823, 0
(365.038891223, 677.068585742), (370.62721527, 678.859400761), 0.562391649601, 0.0871587127179, 0
(129.152517095, 590.932021365), (124.984519762, 585.852683104), 0.42562015462, 0.143790176209, 0
(786.888934178, 661.706581078), (779.907681207, 660.474165076), 0.739849461363, 0.713859298167, 0
(978.672440747, 993.171118353), (980.185850847, 1002.44847566), 0.915086577325, 0.0572486301483, 0
(350.747008799, 584.04865909), (344.591606358, 591.045520337), 0.256836970548, 0.294689472713, 0
(76.6918743323, 165.266137832), (75.6279654353, 168.461304951), 0.0140018741068, 0.837665313574, 0
(378.379819449, 308.973731109), (383.501459726, 312.655416741), 0.0481008087984, 0.956787336176, 0
(290.438931699, 160.53322604), (294.366521204, 151.678799363), 0.541944252167, 0.763204945342, 0
(256.935755249, 647.802547944), (265.180862307, 640.845365298), 0.528201088972, 0.842282410934, 0
(928.137368226, 989.963812129), (938.12219084, 996.252090566), 0.66992334762, 0.175125854313, 0
(517.671574617, 718.723152874), (523.803719523, 722.82498765), 0.777442309776, 0.770755092578, 0
(644.891480946, 880.823368118), (640.762576548, 871.461105632), 0.701316778452, 0.814130326239, 0
(831.233077069, 629.547761372), (832.865915418, 632.246129952), 0.799055557007, 0.64849031144, 0
(10.1163391559, 694.758225492), (15.4823124685, 702.85374712), 0.174476808718, 0.844244353338, 0
(115.762165304, 296.572921492), (110.735562686, 297.159549448), 0.632017227517, 0.939907945905, 0
(470.232471037, 125.097714771), (463.000629866, 132.795169924), 0.185324681086, 0.343202206849, 0
(281.38885483, 835.774790704), (271.499934819, 835.432679301), 0.440537525448, 0.846654120395, 0
(11.3078899214, 92.8823449028), (11.5626035148, 93.6957275072), 0.297348822435, 0.92899810601, 0
(84.4138138561, 197.352814571), (92.2146628134, 203.124216626), 0.605685173778, 0.46826360847, 0
(262.975678896, 520.061719225), (264.333748014, 520.172884385), 0.431596042786, 0.0394108214311, 0
(415.626430404, 263.813873317), (413.700557582, 273.495349419), 0.82889790922, 0.340256434827, 0
(929.207592086, 61.8123840819), (922.384042852, 53.865563459), 0.280906914123, 0.829418949894, 0
(645.644919495, 40.8459550553), (650.878617229, 31.8031986352), 0.510482722734, 0.232395654563, 0
(332.137822946, 626.835442742), (326.863527626, 623.674013398), 0.9378669995, 0.236465002575, 0
(399.137063998, 685.890467067), (406.765400318, 678.693789979), 0.516132884211, 0.951332389402, 0
(356.770664761, 576.692053848), (364.032523673, 583.547709494), 0.273406453109, 0.659132024524, 0
(572.362114093, 507.754318432), (572.378682211, 499.765174099), 0.0752948148789, 0.764962721118, 0
(735.466730368, 967.000186283), (725.732226721, 972.094025883), 0.270685959207, 0.870432608146, 0
(461.487658245, 413.844117706), (467.907891378, 411.430745974), 0.818061075085, 0.536770575229, 0
(141.329803717, 830.380823404), (141.379874773, 830.801445485), 0.471962343459, 0.516346122279, 0
(833.29050676, 571.25662838), (833.435192857, 564.385643466), 0.0896105717091, 0.296377286624, 0
(798.643270502, 556.949855435), (788.696309558, 555.475255718), 0.241000225187, 0.451307973501, 0
(36.4184654768, 565.412171432), (34.7042721308, 558.326191926), 0.954029468159, 0.415610822571, 0
(491.209325616, 237.089753811), (496.051920703, 232.121260963), 0.947765922465, 0.910220743849, 0
(717.897277127, 191.400902701), (713.651767475, 184.559043589), 0.609335479815, 0.710006214391, 0
(252.742655785, 986.711656101), (257.26267256, 988.831973255), 0.532950865058, 0.270738677501, 0
(372.061500699, 827.112188081), (372.373637275, 836.863666957), 0.425843979781, 0.356944905348, 0
(751.230503464, 793.557070959), (755.086928419, 802.520688516), 0.84154612126, 0.549460941652, 0
(168.328054589, 540.852001147), (165.58662127, 538.889547179), 0.509257937074, 0.0126078351802, 0
(350.81310882, 494.569746459), (343.949399746, 502.620077659), 0.811620381546, 0.693903257954, 0
(172.716370493, 384.864357736), (166.829829908, 382.809692074), 0.102151152485, 0.351006832383, 0
(738.621777165, 14.9223839995), (739.666792204, 7.68128111811), 0.0335352221177, 0.612908830698, 0
(763.585218452, 505.680569952), (761.085417157, 499.764743548), 0.526233448804, 0.291990916058, 0
(407.007050304, 548.621918003), (405.304626442, 546.392734196), 0.812397754402, 0.662243045549, 0
(572.321449878, 521.898918572), (580.97286857, 525.009016667), 0.592229179832, 0.458723270216, 0
(46.8095153788, 811.367791896), (49.9596409553, 817.121915995), 0.947193577809, 0.00936714138518, 0
(380.956483878, 841.479625854), (385.190674194, 847.104938851), 0.723007507706, 0.455831707951, 0
(438.505661297, 161.988176738), (440.105379819, 163.566508706), 0.273442632258, 0.965749339893, 0
(461.929398545, 141.320640679), (457.780641041, 150.350592535), 0.747803295472, 0.560943366302, 0
(120.004629956, 402.311699766), (116.88522738, 396.463726673), 0.791824366625, 0.183602765106, 0
(803.054042833, 693.006857697), (803.168040599, 700.994412089), 0.0623756534533, 0.0697409167475, 0
(475.577407107, 563.12510605), (470.882580273, 553.741330311), 0.951741021229, 0.911009932172, 0
(784.927068756, 611.64273088), (778.556527683, 606.772141714), 0.651149958873, 0.384829987367, 0
(773.559825969, 440.875677182), (769.410275469, 447.671787061), 0.866764346398, 0.520302467337, 0
(867.727061276, 448.209761045), (874.454648383, 452.890664273), 0.151336129588, 0.137086660116, 0
(381.174922612, 254.936978304), (378.547668336, 259.08634209), 0.856716110182, 0.688073178916, 0
(632.712020814, 656.899267827), (624.364069646, 653.244029844), 0.808345021475, 0.382221843265, 0
(895.709919214, 210.258838839), (896.000046404, 200.831393473), 0.430446706473, 0.609343471784, 0
(279.179703728, 949.422110476), (278.705709101, 943.102680098), 0.367822856995, 0.046452511614, 0
(991.006051147, 883.925857676), (996.91037406, 892.750140503), 0.0846706245183, 0.490018330102, 0
(314.011830278, 915.091236417), (321.709779683, 905.113311728), 0.119923849136, 0.571357955682, 0
(598.588605354, 632.632894224), (595.708965197, 630.331034699), 0.296197572843, 0.856508214446, 0
(434.797995871, 950.835303138), (438.975280033, 945.142930753), 0.120027675677, 0.760020534717, 0
(819.429134436, 587.549747348), (815.51481629, 580.057822916), 0.808494113813, 0.066742998785, 0
(990.132214643, 486.003105386), (990.566963297, 495.23667059), 0.371705149036, 0.27426638606, 0
(835.366346438, 686.504893358), (828.521953733, 680.382535221), 0.187673419358, 0.679306654965, 0
(153.167293237, 49.2473950986), (151.362860064, 55.7874636998), 0.0133501668257, 0.605452519421, 0
(820.597497384, 704.262547692), (829.239380527, 707.790412391), 0.518712384706, 0.224344466763, 0
(493.893724427, 78.9160998903), (497.801772864, 81.6410561704), 0.77575393035, 0.898759613841, 0
(187.097085261, 949.54402145), (192.183413729, 945.955018028), 0.0747391707969, 0.835003181854, 0
(27.7462558526, 71.4603392462), (34.4715671136, 75.8729190727), 0.982201776402, 0.865597643245, 0
(654.871987686, 241.735640068), (646.250247334, 238.426239389), 0.4443495465, 0.787813767452, 0
(935.053225043, 424.109481891), (943.449457383, 421.928099843), 0.791661106482, 0.112369616717, 0
(665.233286863, 901.97255812), (656.157348287, 900.320148314), 0.508339858659, 0.17150569493, 0
(21.5968723426, 441.699549092), (26.2593069995, 444.599381596), 0.326177542867, 0.476570800758, 0
(370.816825007, 880.089546801), (362.086918655, 887.25103848), 0.241033442178, 0.610525314876, 0
(940.728820424, 429.859654635), (935.302645425, 430.559819803), 0.651155897592, 0.080904208751, 0
(246.56272347, 538.931987824), (236.563270673, 536.710362467), 0.789206161382, 0.223119124159, 0
(115.941771528, 239.775236612), (117.019115297, 247.427549341), 0.590663614817, 0.586857707779, 0
(737.823780764, 361.664672765), (734.297886341, 357.318476484), 0.8818643057, 0.195579154702, 0
(860.586144295, 986.716928691), (866.937783344, 977.222635625), 0.824491035987, 0.895705954219, 0
(9.27839836017, 884.157469977), (14.3615524219, 885.068439779), 0.158538396731, 0.56057059303, 0
(155.326005799, 346.574438182), (146.336181906, 344.267675639), 0.340181940557, 0.423049626951, 0
(117.623609099, 867.74005585), (112.345567948, 861.296009597), 0.826495266043, 0.63318212992, 0
(187.199289958, 173.736181464), (185.597703049, 183.351209207), 0.0848038661907, 0.743869679276, 0
(592.058139127, 685.30872319), (602.048915588, 677.542463181), 0.731894308056, 0.491088522998, 0
(216.413536998, 421.699552245), (220.23066655, 416.683018304), 0.24767928732, 0.127812057917, 0
(196.393820678, 451.937553359), (200.019870346, 456.067270363), 0.578121461147, 0.242019829257, 0
(309.510770645, 549.050516001), (302.568653011, 548.226266784), 0.636362817091, 0.0285381563286, 0
(99.5849763416, 135.959475452), (102.611912132, 138.760038234), 0.789207552375, 0.902848173242, 0
(968.22212452, 449.417067447), (963.931353769, 452.935606065), 0.588264655549, 0.681075362661, 0
(842.71131054, 102.547874933), (838.582564489, 96.0334807106), 0.708844662606, 0.290159773371, 0
(895.490259442, 223.919125558), (898.159467267, 224.017915243), 0.814618561516, 0.321413161748, 0
(344.511135299, 748.691422394), (338.219895493, 741.805502772), 0.560290568043, 0.404749119454, 0
(200.735963833, 730.047342858), (197.442290736, 728.681869243), 0.26191016336, 0.726068935163, 0
(433.790899975, 343.804221181), (426.57517118, 336.088698937), 0.502855977256, 0.946536546632, 0
(505.291588945, 770.292412657), (514.956710765, 778.716960866), 0.746063171459, 0.545877244607, 0
(245.012182888, 132.139703582), (236.926576935, 130.101430498), 0.268852075139, 0.18405741309, 0
(122.264245637, 796.79853778), (129.02590502, 788.494635246), 0.431018530474, 0.962647677797, 0
(511.096681098, 914.698382725), (515.68869791, 907.951483479), 0.880068781849, 0.343154248489, 0
(15.7580686047, 737.720992129), (17.9460552759, 731.37698084), 0.260204671531, 0.436092049054, 0
(100.219433411, 19.7555183525), (105.311645406, 22.9104037701), 0.727223426002, 0.479573761545, 0
(96.3720190984, 516.804420831), (96.3995906742, 515.370034296), 0.338461689809, 0.873810250285, 0
(598.314652607, 342.872434501), (592.317347196, 338.35337123), 0.926557921407, 0.771508581624, 0
(389.75521409, 931.462650224), (381.481323084, 933.268243775), 0.718014932953, 0.813927839348, 0
(570.317866788, 134.061089271), (568.396715561, 130.988520079), 0.557526618194, 0.508239086051, 0
(311.247483577, 165.49226887), (313.950439194, 173.292328331), 0.641663597697, 0.434537467878, 0
(909.355141898, 901.095369634), (908.227769848, 900.618808811), 0.613168780616, 0.868866707719, 0
(328.293911748, 757.920901419), (321.864148809, 751.759737831), 0.12221331993, 0.553055998195, 0
(992.176715012, 253.272154038), (994.665080938, 247.90947715), 0.582515669475, 0.101709298124, 0
(584.604611835, 22.136244089), (586.493686292, 20.2979276542), 0.599039545108, 0.833348901987, 0
(4.61594588569, 481.50615026), (-2.25154373954, 480.749247912), 0.222110822477, 0.491108704927, 0
(486.200964297, 588.667937989), (485.894319722, 598.196949308), 0.239907975665, 0.820392674662, 0
(104.981339877, 200.794299196), (97.1896709631, 196.328818593), 0.666061456916, 0.542563628725, 0
(187.40906864, 801.894933164), (187.46537943, 808.891791262), 0.126157903498, 0.32814808129, 0
(387.671098339, 242.035335887), (378.391002361, 251.624516135), 0.163865092381, 0.234941797223, 0
(985.031579408, 769.555086404), (985.233238839, 773.383998906), 0.145253944533, 0.701199690019, 0
(771.422436803, 952.81392098), (770.916753982, 957.228539526), 0.0963698647089, 0.200961907505, 0
(148.980518086, 265.690595569), (145.504021589, 265.100356884), 0.18057014201, 0.251972683633, 0
(36.6532338278, 18.9276569007), (27.0591756716, 14.1952018201), 0.551599533419, 0.464479476167, 0
(582.326660171, 950.864929613), (586.309476479, 944.699066718), 0.663331207295, 0.330216176329, 0
(861.530357206, 764.282942008), (859.015088637, 766.852639008), 0.474158082718, 0.81452505803, 0
(395.651242785, 297.884933704), (390.922050024, 296.869091185), 0.78485104827, 0.546752586309, 0
(361.693848349, 931.490466424), (357.386201587, 939.47143278), 0.334153661347, 0.837191439647, 0
(808.056998248, 996.613762551), (801.40818968, 987.028807014), 0.282640025538, 0.625675984755, 0
(32.034973429, 395.233132707), (35.4164729172, 400.013515233), 0.616905297953, 0.926461610814, 0
(306.096912974, 501.247535488), (313.212579987, 493.625725217), 0.478537337067, 0.396159190969, 0
(805.546954866, 475.798462418), (796.930748364, 469.994361264), 0.959330413532, 0.34436461932, 0
(944.881710119, 563.181158913), (949.918901269, 559.595128469), 0.168295963278, 0.684903495142, 0
(990.482108495, 604.991786874), (995.101037559, 607.075577068), 0.663139060925, 0.60294483938, 0
(947.724145836, 926.125636353), (950.68885493, 934.235077367), 0.816053403947, 0.965107936396, 0
(720.273752447, 678.481886689), (718.614814762, 683.167250466), 0.824521392892, 0.227536066798, 0
(740.777841943, 18.3544026561), (745.42497184, 19.015742453), 0.993911505877, 0.770393061237, 0
(585.207403708, 740.146525716), (581.728946165, 747.274563035), 0.41257795578, 0.599235266398, 0
(25.3214010502, 654.23332035), (33.7630064208, 645.831690045), 0.0282160323924, 0.7310920408, 0
(990.091636252, 201.344922629), (997.818717242, 199.475886871), 0.805222823216, 0.43822426135, 0
(656.32758213, 80.1145577239), (657.174174419, 73.3138553125), 0.734140941741, 0.93612694782, 0
(993.11387261, 987.737461569), (987.747348344, 989.517928151), 0.95838350029, 0.537567438103, 0
(507.362043825, 681.693033759), (514.990419439, 672.326593317), 0.434570563187, 0.699564710735, 0
(944.041074297, 934.711899382), (953.183716807, 939.263741913), 0.442765489704, 0.82232001313, 0
(322.424556813, 873.152110821), (318.727818603, 880.622478581), 0.943872260167, 0.451629234532, 0
(587.296798981, 546.697162841), (596.5335574, 549.647032025), 0.369301119344, 0.260107325875, 0
(828.892474606, 423.723722137), (820.0250359, 427.150614079), 0.651682071451, 0.978540215572, 0
(479.052863686, 991.580692508), (469.388862478, 997.293171406), 0.500740261925, 0.273769319224, 0
(352.374557495, 515.243032892), (346.892845907, 513.597570509), 0.748436644353, 0.334223938694, 0
(2.01175853023, 691.417379503), (2.68338533017, 694.261974433), 0.973531977834, 0.044290450118, 0
(580.190486919, 199.406017023), (575.007945237, 202.265596177), 0.634929837322, 0.264028236746, 0
(401.923539574, 365.178560357), (407.040071572, 370.518712481), 0.000773488261747, 0.718947164781, 0
(839.001042944, 574.741454021), (848.212297627, 574.589811552), 0.520344599932, 0.970392062029, 0
(892.388611781, 566.400537739), (887.600885697, 571.099591773), 0.679873917954, 0.470479021554, 0
(887.963388445, 430.098780204), (879.279797671, 430.501126023), 0.176480570115, 0.993876033715, 0
(886.691718054, 186.348600759), (891.35283345, 183.064618843), 2.55329718543e-05, 0.418419483571, 0
(901.869691934, 821.12554423), (908.26858702, 817.009491995), 0.469862205641, 0.649390937987, 0
(443.610391215, 397.95809512), (447.676289097, 397.312200693), 0.941299106803, 0.694148326994, 0
(627.595504338, 314.955245732), (622.874996024, 313.709052742), 0.476071836611, 0.418256255495, 0
(834.974260317, 87.0530475168), (832.516582739, 80.3973599029), 0.831757433081, 0.220037728267, 0
(410.428614961, 749.4434705), (403.571418325, 747.035500545), 0.332865462545, 0.00868087840359, 0
(765.710821916, 130.963335546), (773.916931574, 139.218827604), 0.297676400658, 0.00619745082665, 0
(313.742248494, 234.423162744), (315.267660506, 244.357033965), 0.13607741088, 0.234420339316, 0
(478.836641198, 211.891177719), (470.792768209, 207.730626711), 0.855596017109, 0.944433865034, 0
(725.815768321, 476.392156005), (731.29034395, 467.568797623), 0.390443489748, 0.805238840556, 0
(971.369190584, 183.099609464), (967.091232111, 186.775559801), 0.833687411468, 0.202303512989, 0
(437.72085899, 294.655843366), (443.122246937, 296.259455211), 0.435610859481, 0.369210208043, 0
(160.490084509, 719.348556711), (153.923724836, 711.65505411), 0.785973949006, 0.699292535548, 0
(397.593405164, 489.118159965), (403.212503783, 498.908868519), 0.764636930353, 0.119375543923, 0
(420.844302593, 474.349702637), (411.318909205, 471.805452642), 0.452411304883, 0.758433248329, 0
(272.716978676, 569.126205044), (274.441358331, 572.980533498), 0.826083092554, 0.961144172624, 0
(441.596227446, 52.5889605228), (450.794981559, 62.5642483548), 0.385186388068, 0.621376583129, 0
(948.487407765, 720.024814406), (948.440178466, 727.961861495), 0.787259042702, 0.616562489701, 0
(410.931270275, 48.4094968287), (402.928367232, 39.1933956125), 0.835034655673, 0.233018808488, 0
(362.769924718, 749.761454267), (370.40267475, 756.469022327), 0.685000869667, 0.483037468965, 0
(837.197162766, 703.675798246), (831.590521821, 707.009882808), 0.559557955636, 0.653201353236, 0
(767.174075978, 163.828970484), (772.882821805, 168.666665049), 0.418023327377, 0.604853476059, 0
(213.404872484, 332.644774705), (207.121384045, 324.875973526), 0.564865871533, 0.956606875748, 0
(98.1106140688, 453.117621109), (98.0716225289, 452.486835806), 0.391103713837, 0.793565595625, 0
(774.002804922, 0.108537533529), (777.315932182, -9.30513274001), 0.40465355106, 0.755096010675, 0
(583.891932747, 449.976552774), (583.947180402, 457.311862965), 0.0162707032685, 0.832116117635, 0
(231.286008189, 800.565301944), (240.870830976, 796.733772655), 0.635417120495, 0.25896041964, 0
(303.963767422, 539.597782164), (299.24631181, 535.649686257), 0.358773879804, 0.676493690171, 0
(686.086986639, 703.047043595), (677.070865405, 699.118164912), 0.716726176426, 0.415905605509, 0
(55.3383350432, 843.642133228), (58.3660314341, 850.257884991), 0.0474192934222, 0.478275447495, 0
(229.332983523, 496.83210851), (228.657788396, 492.27748785), 0.0704215289609, 0.515362606204, 0
(533.825668135, 223.038564595), (538.615660117, 215.185576299), 0.135451615932, 0.0436939785308, 0
(21.5427276801, 743.145839043), (11.7968834726, 739.862204016), 0.319126862637, 0.0994330185103, 0
(119.831528215, 944.671418887), (121.491640356, 935.692851804), 0.589050723125, 0.480754316382, 0
(205.831328767, 604.69082238), (206.556908978, 604.84049084), 0.500440183072, 0.154585295145, 0
(449.239934904, 708.217540292), (450.548805783, 710.000186083), 0.88724102727, 0.233071021125, 0
(500.776997017, 264.312070559), (492.615496874, 261.597246785), 0.668009024871, 0.895588129542, 0
(643.3895519, 621.465072438), (647.768989576, 630.023917385), 0.869929024878, 0.987314793543, 0
(336.349910161, 222.527305096), (327.427934784, 217.564438674), 0.259046603712, 0.27781280917, 0
(940.943430429, 177.911872714), (944.712596472, 185.861598689), 0.334988798349, 0.328145361915, 0
(232.968222223, 550.294677595), (236.483003706, 552.729326762), 0.223393426178, 0.740627554349, 0
(411.938116925, 686.842483618), (420.744059269, 681.059072609), 0.0703774062768, 0.319904290643, 0
(126.828649385, 695.204709213), (129.327099765, 700.675518789), 0.460859477614, 0.420644073398, 0
(695.280611367, 67.6159629867), (696.597761185, 77.2494978652), 0.21065708021, 0.715846308379, 0
(582.188960937, 59.117875609), (575.887334022, 60.395676895), 0.946231727039, 0.801585896264, 0
(310.34194196, 794.183778406), (311.195953892, 795.063573611), 0.213809619306, 0.389334294421, 0
(783.998543794, 929.193306416), (778.483023737, 927.916270299), 0.237933845609, 0.528889456877, 0
(515.944789388, 814.228454324), (509.292150665, 818.908576396), 0.643673674319, 0.577659690815, 0
(793.271387997, 897.820152517), (802.689468293, 898.54983785), 0.286227597278, 0.0825665678856, 0
(613.961456219, 299.388988459), (608.36817693, 291.536083934), 0.712230872367, 0.966652175679, 0
(118.975383095, 225.090205862), (128.177023249, 215.697244442), 0.541690941581, 0.495096018605, 0
(780.323619902, 726.002900804), (773.817569646, 716.248878082), 0.0466536890659, 0.320903121535, 0
(396.981496033, 958.551094098), (389.638550184, 958.816783902), 0.422136741454, 0.963681296304, 0
(666.484962584, 705.327403763), (673.031814209, 711.207704426), 0.775693930211, 0.777480626232, 0
(630.927844859, 209.756230153), (639.992304938, 207.253126605), 0.761684442697, 0.0552266684147, 0
(692.128360652, 30.608269022), (682.275110536, 22.8781659094), 0.43141833742, 0.293798203472, 0
(930.873679294, 28.7176822475), (938.23913975, 34.4410230616), 0.267993730688, 0.578421989798, 0
(785.160862629, 687.795705242), (789.908017224, 679.11298183), 0.246745728514, 0.128284212281, 0
(343.594842543, 149.170840922), (343.903693437, 152.162382468), 0.809647470201, 0.0698473233532, 0
(299.423579328, 596.231575149), (291.263897972, 605.539351829), 0.472288826205, 0.843254856547, 0
(112.819379017, 674.069120783), (120.064579803, 666.085672933), 0.573753215472, 0.231926021534, 0
(777.263226198, 879.927427615), (781.330821028, 881.843466445), 0.800529828069, 0.615800064791, 0
(927.706737699, 699.048553896), (921.94345729, 692.420139266), 0.0371013701208, 0.0247784621633, 0
(705.348659565, 187.128958677), (706.030962256, 197.001657147), 0.42963298971, 0.367178151899, 0
(687.074798598, 385.464638937), (680.621896672, 376.029762346), 0.282308770251, 0.203527681316, 0
(619.7192162, 659.972544561), (625.216329273, 650.350399996), 0.773334009176, 0.666102502954, 0
(441.410683195, 325.702594348), (443.961746612, 325.02317283), 0.801154408077, 0.722954154253, 0
(749.138937567, 532.628872452), (758.231235785, 532.334250172), 0.146719293775, 0.0620316574242, 0
(539.289285371, 172.382095913), (536.358787683, 177.674393595), 0.578038036129, 0.246024424784, 0
(934.326309707, 711.189015128), (925.62077196, 707.273972007), 0.223987154797, 0.414023760693, 0
(929.770155875, 188.318646425), (922.209888223, 184.033885711), 0.363494461022, 0.372847611495, 0
(404.655517213, 922.581636087), (398.259930627, 923.334648593), 0.743096090989, 0.417054026194, 0
(229.143555245, 211.699923995), (222.586309495, 219.914486354), 0.501126529057, 0.50006876966, 0
(222.682171972, 753.850646981), (217.88741322, 761.332406116), 0.331842119523, 0.602076253941, 0
(432.952153199, 784.48746351), (431.95006745, 792.893142265), 0.773474017159, 0.272587965376, 0
(74.3093207825, 48.4957367018), (67.2492097668, 43.975838804), 0.220759369083, 0.56287913524, 0
(25.8417433112, 408.348783353), (20.9985039565, 409.348117892), 0.724340369304, 0.1505417985, 0
(319.446238086, 875.004146931), (315.137097442, 879.688135272), 0.675814230999, 0.638465273259, 0
(70.3862771934, 910.368809072), (65.0530784258, 911.402550576), 0.295426403303, 0.713870417132, 0
(544.331888729, 514.071923882), (538.155290656, 512.424603878), 0.148389094279, 0.974135929461, 0
(882.408795069, 659.57977897), (890.397072436, 664.364396081), 0.871717544428, 0.58893684526, 0
(970.58284606, 125.27957361), (967.919364053, 121.043741428), 0.764939150616, 0.715271706476, 0
(59.7907937394, 136.643251021), (52.9940374996, 142.459493589), 0.231253074213, 0.756275086838, 0
(292.273227465, 475.085429906), (294.120346622, 471.480694183), 0.268432270766, 0.892534011981, 0
(4.86478079902, 224.926648909), (0.838517250972, 216.032929515), 0.707994800272, 0.364057685749, 0
(0.310138402838, 473.16163979), (1.31603244491, 468.323929596), 0.600533173923, 0.0699863692986, 0
(165.324312749, 641.08702171), (172.373823687, 648.557702463), 0.567901087017, 0.405257384231, 0
(855.41545891, 319.075913223), (858.637903453, 322.622160474), 0.191948937981, 0.101735586073, 0
(723.147740755, 452.885291108), (730.279153607, 459.562086891), 0.696257832891, 0.290663476665, 0
(533.176873895, 72.3184190126), (533.693375661, 76.2988120356), 0.499578726508, 0.34168887251, 0
(843.158962613, 781.805333557), (835.995390013, 780.847245309), 0.0937024824303, 0.477388474644, 0
(989.688938685, 742.902563022), (986.005814752, 738.864741904), 0.684789133526, 0.326124714171, 0
(812.479898957, 86.8708280849), (811.598648681, 82.729265999), 0.0776042976661, 0.616987127519, 0
(921.537957747, 391.267782689), (921.73056249, 391.286676715), 0.328058785395, 0.781833318641, 0
(782.858900169, 84.6977693232), (781.993595864, 81.6236024401), 0.0498085030967, 0.0809469935311, 0
(931.475992127, 902.297236227), (930.879055945, 911.614753726), 0.644548670102, 0.499347764402, 0
(514.69648732, 769.341410331), (508.547796703, 769.75680926), 0.146197003108, 0.440716008781, 0
(851.681303992, 385.725393483), (848.80403544, 395.233645602), 0.112832665764, 0.603606885704, 0
(489.511119985, 322.763430369), (489.303779074, 321.458374075), 0.921372639787, 0.445633938867, 0
(133.13679288, 616.143893679), (140.514925064, 606.350681181), 0.36921561106, 0.705039786638, 0
(15.4288352179, 764.128761895), (16.282122768, 765.917150753), 0.732332814791, 0.964246331892, 0
(456.967820833, 612.179147884), (452.951322386, 616.178750701), 0.0713615386609, 0.00982216896142, 0
(743.946465177, 429.622569472), (739.43435802, 438.966610366), 0.936554741055, 0.77347329245, 0
(525.498505405, 147.423490254), (534.333259099, 148.646313954), 0.341334574776, 0.389204105891, 0
(115.936948677, 646.017855305), (112.984667477, 642.435756694), 0.961990760189, 0.769294029119, 0
(277.897267675, 943.517377536), (270.516137564, 941.267266342), 0.50306663529, 0.642202997481, 0
(191.696875198, 110.086714296), (189.694895022, 107.42142104), 0.532699876398, 0.412826880318, 0
(333.810066017, 358.093043829), (341.846110762, 364.188806114), 0.180973255842, 0.520828476956, 0
(107.127869459, 840.860186526), (111.94039775, 832.502994786), 0.895599406168, 0.819532820509, 0
(525.727810087, 926.791066661), (533.296236624, 928.853517003), 0.85819813324, 0.0197496871346, 0
(796.365379898, 824.02501228), (806.29260235, 823.604195003), 0.462989848763, 0.751649362323, 0
(98.4792434531, 797.405898542), (97.09503591, 799.583564952), 0.627182942526, 0.0510533432204, 0
(303.830942019, 885.18649473), (300.731825222, 880.36338745), 0.626136239728, 0.106853249903, 0
(488.863681174, 953.270616615), (479.517429952, 943.753794474), 0.216391914503, 0.973647714194, 0
(241.309209074, 12.1037952939), (247.666907452, 14.1436479511), 0.122412714747, 0.916304335932, 0
(859.952269927, 116.840114135), (859.68837019, 107.108733797), 0.00410569030081, 0.652763587038, 0
(379.16101149, 193.318920459), (377.479612888, 196.865708294), 0.910083449719, 0.0947695168676, 0
(513.964002963, 886.665767366), (508.622634994, 882.821646049), 0.104813485588, 0.939973936699, 0
(226.854093854, 680.422186631), (234.93587471, 680.674553879), 0.460165103363, 0.706963345815, 0
(53.0933914922, 850.582604966), (58.4832219674, 859.892256892), 0.881819588891, 0.154103258381, 0
(116.258726335, 249.095162202), (114.925510872, 255.152442449), 0.787097513053, 0.651744710913, 0
(282.256702975, 983.300123572), (282.184954957, 985.249305889), 0.05375137829, 0.670609308382, 0
(237.509818017, 33.7110117407), (229.328836603, 23.8520333585), 0.269963310554, 0.860849182605, 0
(185.560539538, 982.879616116), (179.173132882, 990.844560102), 0.644293521414, 0.622558530803, 0
(791.302433187, 340.83263278), (782.698855099, 331.863107445), 0.930435593586, 0.560669234384, 0
(188.849636772, 309.493102717), (179.3235842, 318.992580654), 0.758774643507, 0.838763375066, 0
(254.501234305, 960.158103349), (253.842776672, 961.89729502), 0.985717039433, 0.99357227224, 0
(972.714702367, 743.794009896), (979.877151378, 746.083678528), 0.0557192487581, 0.368078425665, 0
(604.277818539, 901.514652721), (604.690384751, 894.778193047), 0.32526029272, 0.419561979349, 0
(895.980699835, 566.388018194), (892.461293007, 571.69466728), 0.805610421432, 0.163532535055, 0
(976.983749837, 752.217736441), (984.235441626, 756.180921965), 0.0319245977283, 0.19038559523, 0
(942.455680711, 161.580542902), (947.420997131, 152.484700971), 0.751915364414, 0.194505687404, 0
(738.597199288, 957.042871682), (736.23106379, 958.455792505), 0.0688897336583, 0.996402932063, 0
(639.617538599, 35.7851515765), (639.777467487, 45.7015877522), 0.274232526784, 0.365701979738, 0
(76.5909812179, 794.595749322), (74.926626361, 800.746121305), 0.521655161036, 0.0713221581289, 0
(918.011693472, 356.791204688), (918.657378006, 354.549358007), 0.882739620193, 0.41210390981, 0
(330.983268369, 600.631613233), (322.376173507, 599.786577843), 0.176141524645, 0.16615136964, 0
(517.70177506, 992.950633567), (509.609224755, 983.144513676), 0.103344005953, 0.509934337237, 0
(466.000988105, 978.29484465), (456.829244225, 987.830290171), 0.240665308577, 0.000668193622248, 0
(927.478267211, 762.698603832), (922.78821514, 761.427461505), 0.0211022921088, 0.045961369363, 0
(649.293800633, 901.03175318), (650.765903437, 900.832807484), 0.938800749773, 0.267727913707, 0
(265.779684641, 919.164674634), (272.681169456, 927.793165983), 0.811331829754, 0.0504934839224, 0
(225.524381999, 743.395562517), (221.860401476, 740.064890186), 0.959080078683, 0.246054214986, 0
(660.905833903, 861.337380367), (652.941673412, 863.809285), 0.588044880206, 0.353020605172, 0
(376.523657468, 56.4173199507), (385.577023407, 51.3431409386), 0.809552155968, 0.210445606669, 0
(218.978473175, 425.061684357), (228.041629275, 427.558561192), 0.355004910904, 0.948435532632, 0
(710.881123924, 297.899920256), (720.788839405, 306.31775617), 0.23937348799, 0.609804888646, 0
(997.411278684, 712.997339311), (998.243178862, 711.969435646), 0.766624069369, 0.276797140682, 0
(377.770749088, 283.624458534), (383.961029366, 289.482594901), 0.669809664383, 0.618241982587, 0
(296.638060953, 134.204196756), (292.355620887, 128.263068688), 0.267537066731, 0.676036777205, 0
(877.210234308, 569.009512838), (885.644765846, 567.567848471), 0.902700981996, 0.714934716026, 0
(121.960639424, 808.444129145), (121.325839501, 810.752329193), 0.081867750598, 0.275804836553, 0
(350.65697639, 681.984771498), (345.206454247, 682.518827212), 0.646493050728, 0.985266698181, 0
(140.270281783, 957.537276813), (144.840175134, 966.609118053), 0.0804850877803, 0.241240120402, 0
(524.65586888, 117.057035939), (533.907381563, 114.139294463), 0.633578521653, 0.15181027787, 0
(923.710462123, 901.672298134), (926.434864582, 904.013158744), 0.950225445943, 0.691114996185, 0
(65.2962717715, 669.820353065), (64.9318973323, 661.416990432), 0.419071761839, 0.713893442892, 0
(796.552637552, 918.62449237), (787.095618908, 920.402954285), 0.863419575078, 0.0758393108111, 0
(987.946957304, 71.4781882296), (983.097255105, 72.9299614766), 0.528515908136, 0.810234663813, 0
(434.752679943, 513.169159269), (428.987929142, 514.800690239), 0.726637304462, 0.61998625208, 0
(619.144983856, 52.6811320607), (610.401644422, 50.5664259424), 0.720627187276, 0.371677648657, 0
(103.567580789, 322.322234889), (111.353763423, 317.127697559), 0.714468297976, 0.827717300155, 0
(781.618128927, 893.569464213), (771.716946728, 902.030940179), 0.836270410372, 0.392397004378, 0
(439.379622571, 658.5626611), (434.227097958, 665.99667141), 0.87019906557, 0.182859607666, 0
(921.743188153, 686.697940524), (915.821706048, 691.322089853), 0.37797954987, 0.191515455558, 0
(811.733872313, 430.577372566), (804.063570205, 429.577997925), 0.982723186833, 0.64065648108, 0
(41.8973400129, 872.434678749), (46.4004679026, 869.697358516), 0.311193342206, 0.147904242498, 0
(770.032608503, 184.85856784), (762.787646255, 181.337256007), 0.166347574227, 0.0930444173422, 0
(768.846784026, 287.954782258), (760.290414003, 290.752037558), 0.925262631695, 0.427546029019, 0
(814.343109456, 832.098287111), (817.860383168, 823.982015374), 0.149275370377, 0.0921197950596, 0
(681.643333234, 118.539155429), (689.394116449, 119.358093701), 0.988763832286, 0.0736520866198, 0
(963.125850192, 825.16533607), (954.297599932, 816.055669948), 0.874737588251, 0.621953703879, 0
(80.2025183028, 760.754429763), (89.7631456619, 762.696035904), 0.832903719366, 0.186708766091, 0
(955.767015065, 90.2211377683), (950.425590624, 92.1546712832), 0.443789382724, 0.977742555123, 0
(936.635307267, 845.939533954), (939.119763885, 836.116613055), 0.0693428654839, 0.620681076606, 0
(15.0595530838, 940.954008605), (13.6118062821, 943.634918367), 0.64238619402, 0.445829293687, 0
(926.588483328, 443.343901585), (927.279178001, 435.190233216), 0.497066257585, 0.342211071395, 0
(891.136869605, 491.30878621), (897.297258754, 482.731985774), 0.838497072574, 0.603891974337, 0
(756.4335043, 716.719968578), (765.210774198, 720.811881225), 0.213787662955, 0.00889486272532, 0
(381.595871523, 211.813661921), (382.773477107, 213.528440148), 0.0646758883638, 0.271581572751, 0
(345.400377809, 991.773428796), (338.708378936, 1001.7183806), 0.294303568996, 0.830937785763, 0
(626.974192124, 510.947901436), (622.519860057, 515.082740812), 0.849144616996, 0.444195009755, 0
(221.50872818, 462.594877236), (219.184506345, 453.60086561), 0.941243468811, 0.767625219399, 0
(797.09185046, 156.472283114), (788.379477579, 158.128403399), 0.019895870513, 0.336189343428, 0
(338.529280797, 839.405718827), (340.487131427, 846.132094593), 0.651496595147, 0.30034378225, 0
(121.702181583, 572.321328396), (117.801157514, 572.391238142), 0.180248495147, 0.665990615422, 0
(476.164137752, 661.916748477), (484.262616463, 652.777620926), 0.925740587492, 0.698185821805, 0
(886.821119905, 740.577785716), (884.705186318, 741.11658054), 0.763225998655, 0.639945589759, 0
(816.585646222, 926.675187984), (823.866475801, 923.113412942), 0.57299442057, 0.86588814748, 0
(496.700544596, 957.484787419), (501.587520446, 961.776231823), 0.439856526765, 0.0533048235414, 0
(407.907277004, 663.597638851), (400.150874291, 656.746139865), 0.767647736219, 0.333472112339, 0
(651.350243327, 312.122992103), (646.16326622, 311.565117426), 0.602627360442, 0.888170276041, 0
(456.717626226, 848.097320033), (461.737622467, 840.668342924), 0.512165154765, 0.892849597742, 0
(851.837203886, 974.222464275), (848.524659995, 969.768142068), 0.852162609092, 0.903265681219, 0
(966.310925836, 453.872712432), (959.136922968, 458.610440487), 0.605891032656, 0.660057873696, 0
(401.133015706, 602.541824197), (404.917062601, 611.868663493), 0.104169887134, 0.964204121118, 0
(80.7122055954, 735.227665475), (77.772780144, 731.416906141), 0.949473171645, 0.170686461652, 0
(701.987071222, 726.221237053), (706.317933164, 729.928246399), 0.823189037173, 0.600847511279, 0
(834.347312001, 676.155053431), (836.192138024, 675.456497815), 0.252840832556, 0.791773713463, 0
(186.865096131, 979.187835444), (190.376398934, 982.768242482), 0.874064330205, 0.735250291704, 0
(898.258866343, 977.883810813), (906.405050571, 977.440573914), 0.255802748437, 0.514398927672, 0
(862.907010503, 192.469718128), (865.516272643, 189.170300086), 0.184136668676, 0.241044629386, 0
(355.197400722, 3.17388801341), (358.096381932, 3.10347856409), 0.979319126734, 0.552486906648, 0
(891.637885041, 467.715866055), (888.263735912, 458.805576159), 0.546360481861, 0.436395714895, 0
(250.126001507, 986.1707548), (241.022876715, 980.900034419), 0.701191104723, 0.0889982625001, 0
(180.100100874, 445.731770247), (182.223550131, 452.021614197), 0.552991037184, 0.43695993664, 0
(732.694044292, 741.753533465), (735.067826287, 748.098359927), 0.520624688852, 0.777201274754, 0
(796.502168872, 995.699993151), (804.505138094, 995.310852161), 0.532364828923, 0.709136019818, 0
(523.070947134, 830.482977506), (524.264077064, 840.106876191), 0.801690721735, 0.116945831772, 0
(764.196324352, 363.872578013), (773.727711294, 355.032265451), 0.344511106016, 0.955094249585, 0
(554.856611428, 96.2844825067), (550.454859585, 88.0930886886), 0.682300249931, 0.765505740534, 0
(183.806580614, 740.340694634), (175.911388959, 730.558515561), 0.00125786957238, 0.274637707596, 0
(540.249543804, 727.658958063), (534.742125814, 724.256064986), 0.43524318094, 0.687167698604, 0
(822.991365599, 119.548579713), (828.604548005, 111.064430856), 0.373563084119, 0.767075704395, 0
(440.310433047, 498.532611504), (438.754778836, 500.430894674), 0.521838961806, 0.644970902006, 0
(63.4632026497, 440.471821234), (62.6637884733, 440.342881794), 0.730336078538, 0.304356862057, 0
(905.69059641, 885.334539716), (910.195552573, 882.428435011), 0.949861187709, 0.368077763786, 0
(808.088783517, 270.36200264), (811.125402737, 277.80212266), 0.0859657262093, 0.898246999834, 0
(564.127934638, 669.225970621), (563.482637475, 659.663116215), 0.60412272998, 0.75051479527, 0
(611.561577009, 804.527343117), (618.459475278, 800.49411454), 0.717517716971, 0.562892501227, 0
(728.879224856, 91.7425147351), (733.408026225, 81.7633131393), 0.967378836219, 0.405735524281, 0
(635.755644897, 817.447432058), (627.74490204, 815.27149962), 0.476713800642, 0.663226581445, 0
(424.946781066, 529.744016876), (417.264895295, 526.927126272), 0.485281134633, 0.594547827284, 0
(793.517415379, 95.1119603033), (795.104683431, 104.36174305), 0.44501835063, 0.588822501456, 0
(78.8902442923, 810.018789294), (84.6473772077, 808.499721563), 0.476290129492, 0.511311106957, 0
(3.72986278147, 372.280835162), (8.5719673084, 381.210947837), 0.110845462468, 0.994465033112, 0
(867.461435232, 732.91273497), (859.502751266, 723.232564296), 0.688182463701, 0.523165738211, 0
(96.4230295302, 378.234434992), (92.531779941, 375.531722092), 0.375939117219, 0.103272963981, 0
(455.015302969, 542.120671884), (452.676634579, 540.217490384), 0.414802749115, 0.851091922045, 0
(190.411330772, 758.485492381), (185.476052702, 761.871371947), 0.248182428285, 0.110448389961, 0
(199.035082515, 13.4896327142), (193.271041583, 8.48339318506), 0.370689648952, 0.228397852482, 0
(229.017079037, 825.103068596), (227.780036461, 831.748713007), 0.873997488199, 0.0976161456339, 0
(321.930714884, 562.200604681), (327.899948986, 563.382024698), 0.249008653867, 0.06542061558, 0
(615.027643632, 628.355273905), (615.037619167, 630.846118641), 0.986320099234, 0.168755942183, 0
(261.617415269, 822.373584627), (258.443262831, 821.97231436), 0.0394553503335, 0.98798805944, 0
(329.807748169, 800.963429972), (320.217592266, 795.104446003), 0.623426145757, 0.803331826935, 0
(403.154152932, 201.681626578), (410.979483793, 211.033924944), 0.718042387013, 0.106418463921, 0
(954.016474002, 739.151085607), (959.252212822, 734.370053524), 0.288342891289, 0.290549378497, 0
(308.962562153, 61.8388516661), (318.045386995, 65.9068475363), 0.361845018589, 0.188183700841, 0
(439.797829656, 686.909666565), (441.933043131, 695.420321977), 0.786184294043, 0.710940581574, 0
(960.991339737, 950.503146799), (960.179213967, 952.423614991), 0.313773849804, 0.26325556978, 0
(515.511371478, 277.282230468), (522.750248395, 268.601713702), 0.738505126969, 0.435734392206, 0
(841.313851836, 235.56802858), (845.700533758, 236.358566919), 0.625370273902, 0.140661457037, 0
(259.597653762, 178.046949883), (264.132885391, 185.504909419), 0.171494112657, 0.145384798985, 0
(822.024437354, 668.948216347), (818.70435378, 668.390033945), 0.436285030797, 0.0295816470417, 0
(706.377545826, 101.854345604), (711.860381329, 92.6657669782), 0.764330890489, 0.501895775326, 0
(60.4812509113, 978.015422426), (69.7375216425, 982.87527799), 0.267799469644, 0.0714057114225, 0
(61.0732990695, 713.425663851), (59.1311195627, 712.66202434), 0.339161189769, 0.0263035286863, 0
(643.749862927, 822.235154413), (644.922166818, 814.489190507), 0.702404548533, 0.527205723904, 0
(989.225133621, 846.816695045), (994.491602538, 855.064572795), 0.396293924083, 0.872370518665, 0
(430.289174071, 318.932182914), (440.21691049, 309.009153389), 0.965981319644, 0.860775533699, 0
(775.559176283, 802.070597381), (772.219594442, 800.171191289), 0.649386788291, 0.34553713118, 0
(844.988491986, 892.662991702), (852.639111039, 900.521035136), 0.571881940851, 0.417035459638, 0
(696.74301635, 550.337986215), (686.951477372, 541.217472227), 0.759934242555, 0.581264905435, 0
(883.723977938, 465.770776496), (893.029079209, 472.251711095), 0.855900076624, 0.426254955187, 0
(833.821292745, 750.824556259), (834.477947316, 754.549485332), 0.410672700205, 0.441767116951, 0
(277.799104853, 211.529027501), (281.913133175, 219.225156363), 0.225767593986, 0.445663836653, 0
(488.496428156, 956.930567523), (492.259421097, 960.244159873), 0.186679953275, 0.483515502334, 0
(731.324410826, 33.6100425757), (735.506253512, 25.073371747), 0.561998629836, 0.492814094149, 0
(961.87621659, 600.159596601), (954.92418009, 605.947090898), 0.432502309648, 0.86529907117, 0
(12.7435664556, 423.152811555), (18.4942245713, 419.988261012), 0.242428954638, 0.519913018272, 0
(901.295578355, 295.540443815), (903.667351949, 297.637633474), 0.212206813635, 0.660034957221, 0
(874.422176492, 176.742759186), (868.53282845, 186.335185068), 0.711044133383, 0.510874340612, 0
(976.657787114, 780.757978736), (977.937382047, 775.314068017), 0.137934141282, 0.87620908961, 0
(375.33810799, 278.801978409), (370.495804895, 270.673561502), 0.421699828398, 0.502270154672, 0
(605.615732996, 939.265888478), (610.811310708, 944.298288732), 0.275498570295, 0.895993775899, 0
(287.95221978, 618.834156335), (289.315795369, 618.743186706), 0.195065221752, 0.567125698018, 0
(834.258985102, 904.505899461), (824.930855275, 898.576022081), 0.678014413785, 0.951715258046, 0
(85.0907116773, 869.126190092), (77.3812857994, 873.06468557), 0.71415157562, 0.681305522008, 0
(68.0504444537, 718.012645619), (66.0106065326, 725.436557706), 0.496141313608, 0.94826212452, 0
(67.256775973, 31.7290389285), (57.5019708778, 33.7297699994), 0.905277428158, 0.365514980563, 0
(36.474958529, 842.67598133), (28.3715186495, 838.419891142), 0.763184757932, 0.810721012708, 0
(171.210024063, 236.410677908), (163.767259939, 242.606767249), 0.963972627656, 0.244886635881, 0
(483.448451526, 439.090363617), (483.607617039, 435.612541916), 0.516009529538, 0.168222043531, 0
(401.929426224, 112.804881613), (399.907012675, 114.145901393), 0.931430361801, 0.628081239457, 0
(782.972203608, 254.465742697), (782.974862872, 251.504533126), 0.805753074257, 0.219126401067, 0
(460.449612459, 532.933038262), (467.657484976, 540.956132692), 0.320282993691, 0.915464456184, 0
(654.387782416, 298.897777253), (646.575340828, 291.997497256), 0.446068639042, 0.766511142459, 0
(835.77631743, 30.2481900674), (837.449126459, 36.2178868506), 0.418434619482, 0.305764028625, 0
(335.19729373, 15.6966095493), (341.886337546, 21.4144496746), 0.671715411043, 0.622236656482, 0
(482.792225917, 968.721068077), (473.473182559, 977.236535828), 0.691518766879, 0.739114953705, 0
(488.928017897, 600.708687134), (486.779793478, 606.987833292), 0.535760930956, 0.485522483731, 0
(220.565480989, 629.260153447), (218.306248019, 629.587437915), 0.508555478172, 0.4935544684, 0
(579.383886109, 519.235143156), (576.051716801, 517.679035684), 0.903242333507, 0.976022356426, 0
(446.239177677, 810.902977661), (453.29162987, 817.884454372), 0.423215884402, 0.523991895058, 0
(672.78370774, 521.121584433), (682.341923203, 527.692424244), 0.242502612806, 0.418195693658, 0
(916.961064509, 100.465952078), (913.703099576, 97.7952554153), 0.948032101572, 0.876137371018, 0
(711.938805639, 582.590819668), (713.185913757, 581.580299584), 0.691956092206, 0.184129065532, 0
(80.2138046347, 819.341716116), (73.4727002684, 819.300294901), 0.301911215831, 0.0112950341473, 0
(935.180195997, 134.184504395), (942.725444969, 130.840906569), 0.747696584522, 0.483453982904, 0
(970.636949453, 97.9313362091), (980.634672242, 105.198039454), 0.239308696745, 0.700823751107, 0
(140.891256521, 228.671055908), (142.760401418, 232.563662472), 0.754341497177, 0.095613132618, 0
(63.522072381, 595.523781579), (67.3419509316, 588.009665828), 0.0965942266665, 0.85767651434, 0
(21.8151641002, 498.526410534), (12.3714033355, 505.475708402), 0.60471709572, 0.51901236531, 0
(6.6659664223, 827.37116933), (12.8382973878, 835.182559213), 0.0389022538526, 0.407809259671, 0
(53.630265958, 79.882509997), (59.9885029638, 89.3614720901), 0.577817816247, 0.314099312535, 0
(475.470869046, 525.30417281), (467.005535107, 529.774746252), 0.501600692636, 0.581642537238, 0
(207.566997926, 982.426832878), (198.910586453, 988.713847506), 0.200300120163, 0.45642372853, 0
(261.353153611, 416.409817598), (268.117110215, 406.915144454), 0.0611483510682, 0.0672433862165, 0
(396.432905562, 563.171742012), (393.004997796, 571.329066623), 0.907745372498, 0.916694861775, 0
(66.8659079588, 640.788566436), (60.4009881953, 647.563889703), 0.434103722372, 0.633989580587, 0
(902.888524618, 451.023740722), (893.676363744, 444.467494148), 0.163436274941, 0.780780146575, 0
(170.471523999, 89.1052061032), (161.732466508, 92.3126694397), 0.204995550138, 0.605901148097, 0
(308.508139834, 665.151226351), (309.42339853, 661.320682643), 0.566889132693, 0.299641477361, 0
(355.882690924, 142.963685569), (357.648164772, 149.542789564), 0.704557009077, 0.22288601603, 0
(485.922775279, 319.920823578), (487.072082492, 312.780721308), 0.464280505789, 0.0674343624084, 0
(494.744316839, 146.743833216), (497.090578307, 149.332049242), 0.711792390582, 0.286340494219, 0
(721.355247143, 14.0758068384), (726.442045064, 4.68594580394), 0.591085290427, 0.624122995893, 0
(114.228567309, 900.205329354), (107.104003454, 905.890386692), 0.892019406517, 0.94839069184, 0
(783.615405633, 579.394105951), (788.537045053, 574.408764667), 0.408783491803, 0.658970994839, 0
(479.478507354, 6.21320097493), (471.212431561, 1.04970011544), 0.260877898103, 0.0771336063496, 0
(574.69720805, 978.379484238), (577.547037013, 975.590331916), 0.85025674039, 0.25011767177, 0
(472.508494002, 548.802360576), (477.075135362, 553.660437955), 0.75392164285, 0.357945874261, 0
(922.463489795, 477.818064506), (915.544661908, 480.992758797), 0.450041920128, 0.727336380155, 0
(889.376330687, 423.521067392), (893.179679192, 420.828034784), 0.0350664089379, 0.000374475086201, 0
(335.275241968, 452.915014503), (327.62446238, 460.976910354), 0.636635114757, 0.963683377328, 0
(282.975347861, 57.5267077103), (280.237637932, 48.7195923918), 0.926524049272, 0.658067904835, 0
(906.192696662, 499.546363047), (906.449328963, 495.622670174), 0.196838870269, 0.375724361421, 0
(787.316753703, 652.744966639), (787.318165518, 660.447561061), 0.893117308641, 0.579180084389, 0
(330.973073959, 441.717535219), (321.662930954, 439.393625993), 0.206409902622, 0.0917972454556, 0
(788.484953784, 828.420953127), (790.989311595, 837.672669963), 0.734305168979, 0.67787650108, 0
(900.69488623, 186.543675475), (904.04908093, 195.345689845), 0.26814749958, 0.13203473889, 0
(578.67044914, 905.456813134), (573.512664886, 897.960394889), 0.48107599691, 0.724152562862, 0
(784.184691375, 443.697164897), (781.004206627, 436.999090259), 0.719547466414, 0.368562093561, 0
(163.629680119, 490.887651617), (157.203671403, 498.400482801), 0.587562364782, 0.9258684848, 0
(748.031367416, 375.737818084), (752.234673101, 379.451739805), 0.711821270843, 0.594850246734, 0
(876.150945434, 320.500087619), (875.22572905, 327.963058016), 0.392868960132, 0.342432496526, 0
(406.271928296, 267.016108768), (402.46613733, 264.129786269), 0.0244466471173, 0.250383234476, 0
(646.704795429, 924.698506664), (645.764804988, 918.586638538), 0.107938758866, 0.125288714372, 0
(863.689703352, 324.437280447), (867.656542087, 324.552222139), 0.18897431825, 0.81771405396, 0
(278.039514018, 266.744192785), (282.721256708, 274.242769979), 0.248896799406, 0.839510351192, 0
(425.067505733, 684.56203381), (419.436820649, 682.958450848), 0.863686040316, 0.334029087116, 0
(87.0800602707, 643.113587423), (78.5151324156, 641.489440428), 0.283120879803, 0.878881692529, 0
(437.976277619, 422.591052581), (447.563890971, 422.625414729), 0.782768365283, 0.496449603583, 0
(665.303702909, 270.877093088), (674.28169543, 276.848152292), 0.981797056654, 0.751013229478, 0
(158.397563596, 709.924520085), (152.998663425, 701.39163431), 0.121820531282, 0.517550440247, 0
(768.741600566, 91.66142387), (774.054177664, 101.65583901), 0.468118150037, 0.444350717625, 0
(574.213979359, 945.133412525), (565.880733014, 940.411825358), 0.345148249297, 0.874070098144, 0
(577.519460812, 132.939985863), (582.074061978, 129.488616433), 0.773286823607, 0.667919534866, 0
(991.770689295, 283.417030223), (989.795129054, 284.790346523), 0.257627855189, 0.805165047791, 0
(15.3247056745, 893.869703621), (15.6807495645, 902.910959473), 0.426220149117, 0.253055888143, 0
(272.398059457, 867.501988101), (272.163525913, 864.823352663), 0.928388830082, 0.883022236563, 0
(813.595299903, 719.180261834), (803.644364556, 727.368487012), 0.708576283187, 0.606519103849, 0
(362.400584248, 80.453138029), (353.423619394, 85.505640713), 0.994571361967, 0.097832244254, 0
(406.184009169, 645.454735273), (401.227912402, 647.918909548), 0.284693504394, 0.463126039514, 0
(319.013766049, 496.125284007), (310.874985196, 503.302589565), 0.0652142604622, 0.838201897072, 0
(898.65649644, 752.188945652), (891.067296546, 760.297525699), 0.69003534012, 0.330431915247, 0
(355.418865585, 930.999482225), (348.193463193, 921.735304949), 0.421590265215, 0.791258952757, 0
(508.769690277, 345.496189376), (512.094054224, 343.738193453), 0.238031503369, 0.993381701438, 0
(675.63401257, 445.111354766), (668.712954197, 454.226603603), 0.621219098774, 0.620389629199, 0
(285.024106072, 702.372639091), (280.448471544, 708.922846362), 0.872548335198, 0.798458325527, 0
(779.480417319, 117.577432988), (777.635248047, 118.881452326), 0.999865032662, 0.64384467303, 0
(770.953408655, 309.636848732), (774.808766097, 315.223700138), 0.157618007377, 0.170252082111, 0
(562.113273522, 633.072493341), (555.327146454, 626.506375801), 0.0400969019689, 0.375831109727, 0
(780.941369415, 510.490184587), (786.36096691, 516.99878003), 0.662214843746, 0.691153791463, 0
(550.459739639, 22.5527882506), (545.677384566, 29.4422981262), 0.946201731276, 0.291656905398, 0
(517.722276886, 620.273897528), (515.968073624, 625.269027834), 0.59667272442, 0.818799166625, 0
(756.197481251, 704.050039088), (748.407165513, 712.909922386), 0.610637992664, 0.191083812953, 0
(839.018789483, 672.642489667), (833.517605111, 679.641252648), 0.287983119395, 0.117442285517, 0
(997.440671479, 450.532304685), (996.046831762, 457.043646223), 0.73685491739, 0.940723969038, 0
(585.775356773, 702.083704962), (592.936484926, 698.059855398), 0.182415360126, 0.994103361689, 0
(65.0955009757, 664.734075134), (69.4823708886, 661.275256319), 0.710680862837, 0.716561058433, 0
(577.730849875, 192.676448238), (574.923351287, 185.654493715), 0.0621769254273, 0.970931971906, 0
(722.192799018, 72.8422010946), (719.378860037, 65.2251623241), 0.450510376058, 0.0804053374382, 0
(811.853990869, 433.296234068), (821.613089952, 436.410951083), 0.133360649757, 0.437693585516, 0
(227.496212608, 223.701095877), (221.403254832, 227.055186985), 0.296673739969, 0.58573250534, 0
(742.156956435, 196.782167048), (734.095588272, 193.749155666), 0.87331015689, 0.677363525689, 0
(551.420757546, 251.418604185), (555.795871044, 251.281859919), 0.0169524263639, 0.455019276844, 0
(319.422396024, 883.203165287), (322.707382038, 880.183380635), 0.97948756487, 0.856263736352, 0
(176.314735154, 124.998016238), (176.978620688, 126.779581451), 0.0931523069027, 0.735381487797, 0
(271.045068319, 381.200703946), (270.782488813, 377.522085381), 0.583157897415, 0.367099373507, 0
(861.143610064, 71.3143990768), (856.384071931, 73.0999553202), 0.343561216155, 0.483987109774, 0
(223.593398435, 751.560055353), (223.170564935, 751.359578562), 0.158461831968, 0.32578851303, 0
(98.9257890212, 724.772878619), (108.891773374, 732.910942866), 0.714330287033, 0.186231102665, 0
(728.270532554, 321.451838178), (738.03764032, 312.381848216), 0.687339076958, 0.875815762716, 0
(551.328459612, 808.920259758), (553.573096754, 813.957844319), 0.778675346763, 0.0747317173093, 0
(795.98631309, 623.86018343), (798.395652747, 618.522165087), 0.291290287888, 0.370125013909, 0
(619.117832724, 487.069744614), (610.065660083, 491.71809646), 0.513326313861, 0.817263256695, 0
(783.57503956, 439.058820898), (791.169372615, 433.221552146), 0.26470397531, 0.991453289762, 0
(64.7480361425, 117.735989506), (69.6359951475, 109.373243614), 0.103515974509, 0.825226912097, 0
(139.03698228, 7.62462991804), (136.277028984, 8.99183998493), 0.776508897409, 0.613244070823, 0
(346.841718178, 705.190999369), (350.605248881, 715.160166167), 0.308138458919, 0.647990683145, 0
(344.410420874, 407.696699822), (343.560309399, 405.421111677), 0.506864461424, 0.329948996656, 0
(431.734593916, 115.017777148), (433.179236889, 120.535076434), 0.741992543718, 0.446101798405, 0
(491.781341186, 968.987087724), (488.628144799, 963.172637488), 0.402603930596, 0.250013124897, 0
(432.851723716, 376.277428756), (440.707128759, 385.294493567), 0.600664826024, 0.53576318567, 0
(651.353987881, 93.1900251301), (660.554491251, 92.2778269931), 0.720964798343, 0.221802049823, 0
(222.464140625, 560.270081315), (230.694663255, 559.417762673), 0.133419073285, 0.387546038325, 0
(853.514658746, 180.696999641), (850.558655439, 172.643321603), 0.534215699881, 0.581321083278, 0
(173.491545363, 767.599528688), (177.422464972, 760.732788023), 0.0968758112829, 0.428487161695, 0
(574.810457397, 573.818935874), (581.758717857, 576.612200939), 0.0906911398865, 0.443559453699, 0
(734.140185196, 22.874438222), (734.808853893, 22.59792867), 0.84168778075, 0.547128685005, 0
(362.168499481, 569.855649422), (363.031877639, 574.524810816), 0.953642583249, 0.717354942347, 0
(756.73056039, 542.172724126), (764.745839447, 534.141010111), 0.660580835169, 0.0938139980715, 0
(579.518036857, 773.526698302), (586.259429615, 764.523458293), 0.658181616716, 0.670340991494, 0
(394.118767013, 88.8215200282), (390.167403096, 81.7032313634), 0.865527747594, 0.782131335326, 0
(421.164313221, 609.584695403), (413.214714213, 610.1724606), 0.154453679568, 0.833538049217, 0
(449.253697627, 208.795008664), (441.454063055, 207.700501519), 0.241329205941, 0.657416386179, 0
(333.39352082, 579.938247277), (342.599919923, 583.296061086), 0.842052503539, 0.574327020794, 0
(328.600748721, 537.69423734), (326.898122024, 543.52118932), 0.00568028493972, 0.933658021878, 0
(4.85431353406, 376.115709715), (-3.11514487457, 380.493028287), 0.481086487277, 0.876982276459, 0
(628.260040934, 808.411230137), (630.615566617, 804.760885068), 0.0325386896988, 0.454682822618, 0
(331.121961626, 490.428250364), (337.07128236, 494.848200851), 0.667418379228, 0.452466510267, 0
(370.314044862, 761.409089022), (369.065100479, 758.333230931), 0.52212047167, 0.50852467339, 0
(518.361540752, 704.453981487), (519.065431235, 707.408799946), 0.00651954820505, 0.868161426477, 0
(576.413833489, 569.113482498), (566.773072143, 574.623474907), 0.204466777765, 0.368735392973, 0
(31.2365222376, 186.129671723), (36.8091037551, 182.524475766), 0.161074424493, 0.243864178704, 0
(36.2681278164, 525.572450506), (44.5354236197, 534.217858414), 0.704527001996, 0.708107304365, 0
(860.69381857, 0.794118846975), (854.963592721, 1.08264053076), 0.394492666339, 0.831866791013, 0
(968.399243974, 12.553405759), (966.156295759, 21.5603983792), 0.875902480406, 0.231640504332, 0
(776.805740821, 825.27286065), (772.042717014, 821.036689734), 0.905395250082, 0.494302087334, 0
(188.44396918, 385.329150317), (195.013576162, 393.323950082), 0.386603898269, 0.39446762116, 0
(888.987759754, 308.391056297), (898.302450427, 317.410186304), 0.448263599822, 0.253177201794, 0
(933.458523248, 829.047590508), (923.797443046, 826.543837278), 0.609900255682, 0.806102761721, 0
(157.980916411, 480.353230268), (148.128764926, 481.762020458), 0.180313821512, 0.74877931325, 0
(600.123127751, 614.667949765), (591.718880293, 608.160150049), 0.817741610644, 0.488788353076, 0
(528.25872702, 521.538280416), (524.401203218, 530.036445663), 0.451828565032, 0.55902603457, 0
(353.634714743, 183.905785245), (344.637598709, 192.437347296), 0.420726155677, 0.912907803898, 0
(137.254623656, 135.568733118), (131.022707006, 141.891277519), 0.90369266643, 0.576755268698, 0
(138.147741282, 713.148524714), (145.576849072, 713.843989124), 0.608404056577, 0.63503256564, 0
(129.94082632, 403.408007791), (121.403994863, 409.684216849), 0.810114864907, 0.540540916174, 0
(990.498935551, 997.252058384), (980.812877276, 997.539703416), 0.834529404352, 0.267277388445, 0
(907.671795841, 374.201422593), (907.591980927, 368.403999366), 0.82409778587, 0.524935136678, 0
(253.840685859, 185.243548437), (249.218212395, 185.298767667), 0.582754086495, 0.00423591991415, 0
(717.486967626, 962.34769906), (713.01643548, 965.829081159), 0.960021290075, 0.50400426068, 0
(970.681971447, 938.000466693), (960.695898516, 945.281899833), 0.836470073965, 0.912516021012, 0
(683.966232969, 126.75846187), (691.45683675, 118.25861826), 0.580440903476, 0.356350343863, 0
(933.355363157, 563.250534507), (928.055632255, 555.715403166), 0.239853306581, 0.805201537363, 0
(379.381065246, 480.381893016), (387.590667728, 471.173755842), 0.48712117544, 0.595460531673, 0
(269.381589254, 857.168545951), (271.711065537, 862.462082212), 0.799469971337, 0.193826044973, 0
(339.912208952, 192.966386015), (344.160133462, 199.963551536), 0.451582044543, 0.106588633211, 0
(884.840637113, 643.271445004), (880.544428712, 641.29337712), 0.932670027959, 0.0259899184668, 0
(368.552085931, 396.284799622), (375.333698883, 393.87315276), 0.34815244458, 0.62981318345, 0
(197.361994417, 741.448897756), (201.899934753, 747.429036864), 0.707652781954, 0.643307731683, 0
(388.222395855, 489.748410723), (391.428970831, 484.527129013), 0.978802659811, 0.329566825077, 0
(98.688229953, 390.870602436), (100.216812356, 390.652624687), 0.850096842654, 0.915532575078, 0
(622.370970798, 450.930785443), (618.972570905, 459.220211712), 0.662547174644, 0.299952606935, 0
(768.027807158, 323.385633689), (766.581918378, 316.713327866), 0.601730253569, 0.565497312302, 0
(827.777656606, 216.41278197), (824.302778913, 225.084299279), 0.531934443982, 0.748614777303, 0
(650.351783097, 58.7067720381), (652.875130275, 63.3600777248), 0.807672828733, 0.248298744637, 0
(164.071395155, 255.915867675), (171.729682836, 251.274887783), 0.149608480669, 0.0375383399674, 0
(149.900305119, 516.192649087), (153.047544843, 506.540506179), 0.147740784431, 0.208045856257, 0
(250.695318279, 539.211117557), (246.584661218, 535.840550976), 0.735159548974, 0.0256609440168, 0
(859.826844453, 663.32058588), (855.048612582, 663.759760411), 0.37962995575, 0.67534016946, 0
(700.614881674, 23.4509018613), (703.738494388, 15.1414617819), 0.855784742787, 0.575697901673, 0
(796.821115393, 504.091009683), (789.855669744, 514.031807919), 0.213826614421, 0.176170366816, 0
(47.3349043776, 488.759745152), (44.850694525, 493.848419266), 0.251340566382, 0.881363934366, 0
(989.803195282, 26.5537648467), (980.804328178, 25.8372554328), 0.444277289478, 0.10802546198, 0
(925.979372873, 735.492165573), (928.062345619, 743.462732148), 0.191031310985, 0.0232261731295, 0
(86.605131722, 36.8188464681), (95.4624190103, 28.461752389), 0.224964013164, 0.829701833124, 0
(279.032742615, 624.487188957), (284.822199556, 632.065988184), 0.86163427092, 0.504185603638, 0
(722.687278626, 478.805291175), (717.326685071, 478.953656848), 0.620758629027, 0.848367413538, 0
(698.614879451, 355.212961384), (694.022308532, 361.885109848), 0.882203073604, 0.627789721952, 0
(142.266728951, 481.534241783), (149.541257631, 481.061600122), 0.600131470145, 0.175380098165, 0
(665.83417602, 506.960416281), (668.509909415, 511.937657318), 0.812350769628, 0.924878268639, 0
(658.461098794, 847.759617046), (648.580065036, 857.408305662), 0.3168879215, 0.281499600463, 0
(631.796463823, 566.295299299), (633.036313126, 576.194294168), 0.918533107158, 0.65410091994, 0
(437.134581184, 107.966178703), (440.684107324, 108.749946776), 0.938277447983, 0.0542336936212, 0
(565.880934376, 778.261141269), (563.166963764, 778.371096339), 0.938664101845, 0.572200853717, 0
(225.311633115, 275.882265766), (229.635255398, 273.890958094), 0.777611957922, 0.625909837973, 0
(477.067123035, 706.874109864), (468.180013523, 715.737737784), 0.882952153867, 0.612998232337, 0
(908.20820149, 772.146527099), (913.96270789, 781.168476731), 0.333240108116, 0.585847353212, 0
(13.2193274997, 984.952937558), (22.9756811631, 984.311755423), 0.389408216144, 0.080265011828, 0
(308.996927286, 471.248340935), (305.61804555, 465.901301593), 0.140757725517, 0.878046276711, 0
(809.370232667, 570.18197381), (806.664231318, 578.175269835), 0.777402383898, 0.575060276547, 0
(729.884953232, 491.406070117), (731.932154833, 492.001275755), 0.692892161096, 0.447545716065, 0
(649.591960005, 766.3581336), (645.734649913, 776.011667273), 0.505701793361, 0.252568672004, 0
(585.642671474, 839.334431535), (594.09044777, 842.110170721), 0.793826531105, 0.70591252376, 0
(525.725001315, 962.177219785), (529.01540573, 961.72557757), 0.103983995828, 0.190005041135, 0
(917.407707057, 245.706725535), (915.284972803, 240.131912312), 0.0358960975482, 0.503727377803, 0
(610.262491954, 187.456642162), (601.95019965, 178.122886178), 0.471155607311, 0.301437907845, 0
(627.40613237, 939.835166252), (624.202397477, 930.164647791), 0.10093360241, 0.0743425774428, 0
(609.45096319, 607.970064432), (609.825399365, 599.243699633), 0.572326965751, 0.718504642431, 0
(54.4126669961, 626.882987298), (48.261736575, 631.944103329), 0.806788230891, 0.810811345427, 0
(181.842988444, 608.693713156), (188.479007179, 611.917800997), 0.248224362599, 0.221466384759, 0
(428.244261112, 257.693338639), (419.423925832, 260.496071157), 0.0401753946042, 0.418627080853, 0
(172.366359807, 128.286150027), (165.951351337, 122.253514066), 0.0867338295195, 0.891765957591, 0
(564.381157544, 89.7014865541), (563.94926602, 97.5485596745), 0.940462792144, 0.16554738591, 0
(564.002621883, 130.222057509), (555.600704831, 125.229770757), 0.176280517548, 0.525266396003, 0
(24.3125025983, 882.440900667), (32.2716554641, 876.829014808), 0.351448173012, 0.693655858021, 0
(271.16199598, 79.211414701), (278.971511512, 77.6876352801), 0.776926162425, 0.497307725613, 0
(629.04531886, 661.266832966), (638.770057394, 665.584366531), 0.780422891959, 0.111873551441, 0
(508.044442253, 963.753268639), (507.732407356, 961.119751279), 0.570608058085, 0.888443656893, 0
(448.521556365, 826.434341825), (455.398817838, 836.011271797), 0.467593691106, 0.922803657965, 0
(666.59749088, 56.6098226674), (660.854071546, 47.02904833), 0.149285955472, 0.54534363994, 0
(853.157049933, 6.19434418434), (852.136337682, 7.11806845525), 0.355349449761, 0.525907037036, 0
(60.9680247588, 453.932500645), (62.3441803151, 458.594822199), 0.72370010137, 0.464406803968, 0
(879.624894735, 950.936875939), (888.607164412, 944.302470795), 0.647379958568, 0.149436387847, 0
(743.200557116, 485.252248039), (737.793077925, 482.765354291), 0.978016107775, 0.359743543412, 0
(896.362347237, 364.259180807), (902.37661646, 359.503970085), 0.0213299153266, 0.0128572727198, 0
(527.44759467, 933.072329378), (526.379547889, 934.358467423), 0.910322915739, 0.588628850973, 0
(521.26539798, 740.101918202), (527.728996455, 738.790989323), 0.470054657727, 0.596597533452, 0
(606.880880832, 865.681131449), (612.913349315, 866.857105274), 0.466341637014, 0.628147907874, 0
(247.845572735, 166.085598602), (256.502696786, 175.628112128), 0.585555602396, 0.174691882543, 0
(839.513975036, 927.359120509), (840.109532236, 931.58764892), 0.546602697083, 0.681915859778, 0
(877.015001949, 993.00864275), (873.342323292, 992.72926941), 0.752491984476, 0.0349761738889, 0
(194.647678227, 244.39328552), (192.783365104, 245.047928922), 0.531587045564, 0.276438920933, 0
(810.160167384, 734.930138902), (813.109099607, 739.966663149), 0.34084659985, 0.245559659449, 0
(463.640036094, 769.402709869), (471.251877323, 773.132026809), 0.528408242464, 0.939593800973, 0
(973.161015707, 862.856112636), (982.256538947, 867.291916868), 0.540812975231, 0.537380923068, 0
(78.1225191761, 750.706893227), (87.3448989628, 760.67167986), 0.0435203194976, 0.113230603436, 0
(247.483674344, 653.534554258), (248.722957307, 654.836216711), 0.188663109548, 0.556797804465, 0
(44.3049077776, 912.263409889), (46.8000058887, 918.817381571), 0.249626413824, 0.306346968463, 0
(31.1902015657, 960.886792357), (31.481583649, 958.062285555), 0.752148528831, 0.631523855223, 0
(356.56544997, 100.969628043), (348.507656619, 108.13281137), 0.944783875222, 0.773968990702, 0
(548.325613427, 409.678142724), (541.11515009, 410.82573368), 0.182299060149, 0.556440751121, 0
(766.11868602, 260.363265596), (761.153543025, 253.098087041), 0.697778724779, 0.530067188916, 0
(144.423620548, 772.569816851), (148.14361477, 765.561210847), 0.0945849465237, 0.221936497707, 0
(420.307168887, 505.616480212), (428.135993921, 510.695152501), 0.755107271086, 0.922169363087, 0
(404.69406931, 818.284494128), (413.237016357, 822.773080946), 0.265728052116, 0.857256896153, 0
(340.715568317, 733.697927698), (348.134095823, 741.213097458), 0.847929871861, 0.893897501917, 0
(247.768978705, 517.446076768), (256.785176872, 514.797640102), 0.629024428959, 0.339201994367, 0
(190.02243974, 176.225250726), (188.763192075, 173.980912968), 0.959601119219, 0.244940733996, 0
(85.4797752234, 398.775100179), (85.1783134269, 405.673338085), 0.894942483796, 0.844157596436, 0
(736.222699592, 833.29269452), (733.339455746, 834.302567129), 0.17121419449, 0.950510545591, 0
(746.775299802, 278.983597288), (752.393052295, 282.848051559), 0.717318273048, 0.020996775801, 0
(619.618689182, 85.8641897623), (610.312538809, 81.6276496757), 0.337961215438, 0.0506597010021, 0
(867.177270851, 742.164776504), (864.746173074, 733.309707251), 0.409180399739, 0.711192810262, 0
(440.246901964, 348.035413303), (436.260837664, 341.345253285), 0.951472914602, 0.308228970891, 0
(418.996006159, 287.94324835), (409.15727045, 289.763949041), 0.94629464601, 0.0644145665237, 0
(951.206850057, 608.925924951), (959.403524203, 617.597192434), 0.888571802724, 0.795135381728, 0
(827.13985146, 184.577257894), (835.005619829, 192.954809777), 0.4572117819, 0.0294798760885, 0
(523.600523812, 381.913634956), (525.242465613, 387.202625156), 0.425034800863, 0.825842351188, 0
(177.117311501, 925.489570188), (184.378350192, 920.408017981), 0.763689032802, 0.924419688333, 0
(655.462481154, 18.8107207186), (654.894938343, 21.1136977055), 0.73655079767, 0.156230619013, 0
(694.352201515, 430.47726209), (698.939796626, 426.939003638), 0.251769818344, 0.739915772009, 0
(911.630351976, 900.707880056), (905.396720364, 900.291220953), 0.285742584701, 0.543422576832, 0
(275.000548531, 411.521117836), (269.298074277, 410.967772635), 0.0980844797968, 0.315042176373, 0
(311.240632915, 0.461359099413), (301.311003513, 4.82607686185), 0.607503495363, 0.126737591434, 0
(361.871821657, 464.381120729), (353.186071583, 462.008610747), 0.59902080652, 0.357834296014, 0
(115.847551874, 309.085009734), (117.688727579, 310.685494034), 0.845406778693, 0.252820752871, 0
(761.937767399, 273.119968573), (760.096295737, 281.884752869), 0.364294945149, 0.326559069769, 0
(791.56102928, 370.526805131), (786.658029753, 369.671225443), 0.090745399318, 0.118403825528, 0
(965.412364679, 544.009702824), (969.458529697, 540.106641316), 0.200574720856, 0.637738883198, 0
(96.7112078776, 683.305264626), (98.753236892, 678.888855318), 0.753889811181, 0.839422028368, 0
(486.602715179, 735.101381788), (488.171461916, 736.929614702), 0.54306899967, 0.105471024429, 0
(782.245316379, 885.983575031), (780.274166223, 881.875701864), 0.17838140036, 0.698935976043, 0
(67.6507152906, 698.490758585), (69.6036751601, 691.209633557), 0.491747134749, 0.524660733771, 0
(264.83445684, 643.422365562), (266.862274064, 639.866494486), 0.381563749505, 0.296091254412, 0
(745.438627712, 104.534352933), (750.796836145, 114.41046765), 0.000239562392098, 0.974933993655, 0
(270.779246071, 198.552139979), (277.165527017, 195.569620154), 0.671836215977, 0.337368155452, 0
(307.067817876, 896.151122325), (314.902995793, 896.53898169), 0.607938732537, 0.290510568594, 0
(969.024970312, 971.924228611), (973.588698375, 974.14954767), 0.20277442301, 0.647766523314, 0
(505.54778694, 26.3003230512), (509.463448361, 19.3423325036), 0.523363927867, 0.832563152415, 0
(382.456662186, 365.359242994), (376.875547727, 369.519316613), 0.107975334836, 0.310533236128, 0
(328.206947132, 388.35005927), (320.208748622, 388.413831755), 0.658207189535, 0.519460857629, 0
(480.04296721, 577.577811758), (488.170584603, 585.06912796), 0.830013226277, 0.950972706271, 0
(193.202170745, 855.831459269), (202.925369405, 855.167536758), 0.121584282493, 0.627066059427, 0
(992.678796687, 185.623696356), (994.295841299, 191.582499211), 0.662226270036, 0.168075112933, 0
(794.044695905, 344.857890866), (803.427569802, 335.801789857), 0.749641609145, 0.829343848891, 0
(240.255105914, 494.008005313), (240.445449416, 491.942052661), 0.43660757634, 0.0758600558808, 0
(176.258952155, 623.921308869), (166.883573839, 624.089987653), 0.43136644983, 0.802780372232, 0
(411.315896019, 71.979815047), (402.741877372, 73.7761797628), 0.249549091961, 0.292206785762, 0
(530.259059565, 537.110831704), (527.705187013, 527.139219749), 0.566688012466, 0.789049859032, 0
(127.593750812, 583.820241424), (130.673238085, 588.727525175), 0.257489948197, 0.735423607953, 0
(540.268720914, 720.806108589), (543.413205541, 711.572656622), 0.618244250779, 0.677179009266, 0
(401.30213231, 150.332444259), (403.901714199, 159.986469054), 0.940043392187, 0.557590396906, 0
(412.382667112, 180.84492821), (405.342716317, 185.537418822), 0.275586504287, 0.681571563789, 0
(227.219907713, 299.17107721), (237.083805267, 303.962024502), 0.460017692605, 0.187602685491, 0
(778.50080002, 213.270164329), (778.748468758, 222.601852261), 0.747789493561, 0.202281573041, 0
(425.317928864, 670.738479773), (432.765686155, 664.110402357), 0.0439664978724, 0.710544345893, 0
(750.150319959, 151.768154317), (748.364666449, 156.22513643), 0.111588041519, 0.364783934933, 0
(352.328960512, 557.346085199), (345.187707969, 549.511200488), 0.436045162035, 0.501810166958, 0
(74.1577030203, 993.765988105), (83.9547568496, 1000.57234728), 0.821490178153, 0.775272647172, 0
(500.585805882, 42.3253625699), (504.700931809, 44.4055094847), 0.459031517453, 0.260918615531, 0
(442.698469708, 202.733714411), (443.372980231, 205.997418612), 0.0790510559381, 0.282812233517, 0
(386.05076298, 458.955413303), (378.692207092, 451.506944362), 0.730471513173, 0.506825076269, 0
(835.722635019, 939.327649378), (834.563756911, 934.525085117), 0.592510794492, 0.525397637241, 0
(18.5829738808, 389.08433419), (18.2149116577, 388.851008051), 0.540850817112, 0.976914034162, 0
(229.858656235, 48.1150598503), (239.236459988, 57.3724119981), 0.126208620979, 0.392906482564, 0
(107.771329111, 537.392610543), (112.676403283, 544.767201409), 0.117389084006, 0.512790864983, 0
(293.681738079, 83.2749924809), (300.567026416, 83.7028224802), 0.246674535357, 0.134061870319, 0
(302.575318661, 361.596684697), (297.788698699, 352.114110873), 0.156742799303, 0.998626581694, 0
(428.015308663, 734.315534058), (432.315344235, 739.950138664), 0.610937782913, 0.857686176886, 0
(379.913966301, 741.308196779), (386.721135293, 750.533773556), 0.457937970255, 0.903850781203, 0
(823.324501213, 348.669528585), (818.846956314, 339.852609282), 0.139379366135, 0.894871694979, 0
(921.359469254, 763.280568402), (919.23370045, 757.664564203), 0.704245472419, 0.494879296439, 0
(50.4182294159, 451.265500224), (50.1582200495, 441.848515568), 0.74261111736, 0.811340655864, 0
(376.625615077, 772.879851049), (377.165496618, 781.095938817), 0.615557544829, 0.825419421152, 0
(360.555701166, 504.745743978), (351.072061762, 507.647312752), 0.940994828272, 0.638906913402, 0
(557.870177749, 745.22453712), (566.556174113, 752.080615764), 0.185156383943, 0.288017686859, 0
(192.011304637, 247.618333335), (184.06307659, 241.571007559), 0.0839585044699, 0.397442495722, 0
(561.432458798, 990.798425935), (556.385227244, 995.187913136), 0.986241150155, 0.212142959594, 0
(374.164554611, 324.539382047), (379.007748876, 332.925851162), 0.250612335701, 0.147569010007, 0
(176.29741485, 788.835241077), (169.029398156, 782.054578218), 0.108100466021, 0.429549128058, 0
(19.8419276654, 472.438166256), (27.8478905549, 478.919612469), 0.649856673633, 0.735352462004, 0
(178.634772121, 867.783463995), (187.522048878, 865.878323921), 0.762604328545, 0.0259295882736, 0
(506.811668974, 519.77405348), (508.924163013, 521.79597021), 0.127911740717, 0.668315211339, 0
(521.323186884, 494.60967385), (519.429000909, 488.831898093), 0.862897947873, 0.0168887089927, 0
(754.092348379, 662.954126804), (749.234802113, 671.124554326), 0.94467982674, 0.517405850969, 0
(96.8866172583, 89.8202929191), (101.227292588, 98.3454396431), 0.490148859355, 0.798996728444, 0
(226.045591462, 183.680208723), (235.422410844, 193.233782655), 0.580568865825, 0.988173943453, 0
(117.067119274, 923.67064967), (113.389696111, 932.545358386), 0.385013109193, 0.166823889522, 0
(729.419789009, 763.038297348), (725.513556952, 763.733678689), 0.942421513373, 0.95407299054, 0
(407.288529977, 299.635650881), (404.261706925, 304.650510062), 0.306312046622, 0.636156830167, 0
(129.750500345, 131.000103895), (133.30726318, 137.315739234), 0.475364398435, 0.808509835404, 0
(216.027349615, 553.255092598), (208.251596137, 558.687229129), 0.157284349007, 0.298003618198, 0
(37.6900380736, 10.2528964988), (34.8477829276, 7.10320918392), 0.979376563209, 0.147011319294, 0
(852.604331116, 100.488895558), (851.475657407, 98.5818448125), 0.317733534206, 0.367943771459, 0
(280.623840469, 856.532114101), (277.433155101, 849.029283678), 0.811267345153, 0.120503069493, 0
(756.02837657, 139.231623922), (763.442508011, 141.522456091), 0.972083812911, 0.284376291397, 0
(705.211651633, 974.375267933), (709.826628116, 967.042018332), 0.165707351322, 0.49318928795, 0
(375.373024308, 340.93828933), (373.57627245, 338.944810795), 0.60543368681, 0.558950445338, 0
(278.840694731, 378.516818119), (286.029615223, 371.482446035), 0.236154462419, 0.311885567885, 0
(67.0548688919, 24.4646841712), (68.6250904404, 16.4025269239), 0.249924168216, 0.400929429817, 0
(864.096210145, 483.737237257), (854.920659856, 493.089686612), 0.0529772143536, 0.735517891626, 0
(164.890743248, 299.150165375), (161.674846785, 302.370416946), 0.55676188271, 0.668174991496, 0
(411.246248704, 202.750451971), (407.704217742, 200.707467771), 0.714981661527, 0.880571626656, 0
(843.477585573, 815.396123847), (839.375582245, 806.4715779), 0.895156173772, 0.423274315293, 0
(912.670742495, 975.166562136), (918.052206385, 972.37845594), 0.886418500256, 0.547533914464, 0
(191.349059808, 880.788445098), (195.529668247, 871.0956093), 0.219532407234, 0.358708375304, 0
(677.699136167, 649.856127771), (669.868087371, 653.440051765), 0.0985412962076, 0.849757575238, 0
(653.000663637, 648.82305823), (654.597535378, 646.524744641), 0.890302508366, 0.796932938586, 0
(149.067383244, 114.948848151), (153.941657341, 117.125415468), 0.596296073154, 0.278118519781, 0
(671.83440439, 475.060937211), (663.25499819, 479.560905587), 0.129197686118, 0.756994070331, 0
(554.684595047, 181.181030346), (557.482305489, 186.865201825), 0.839292632459, 0.451204140508, 0
(981.130692032, 244.445226652), (982.563434554, 247.206436704), 0.432073730667, 0.328842790552, 0
(328.364376272, 615.160961768), (323.471685431, 606.605506155), 0.670529370666, 0.921664626443, 0
(545.372081266, 563.375313658), (548.94551025, 556.328258356), 0.278269939394, 0.35171955054, 0
(713.075263432, 454.376999766), (716.949823297, 463.318162082), 0.637033675634, 0.935797045663, 0
(771.94477646, 871.900197264), (766.38263572, 865.100428422), 0.483366250204, 0.729493368235, 0
(746.051281087, 731.302694972), (755.300542878, 728.282997278), 0.29507105612, 0.540952247451, 0
(570.510481432, 302.487249005), (568.892494414, 305.145358576), 0.0670879361379, 0.466904094378, 0
(253.716340107, 44.3787399955), (263.509378202, 37.9520388803), 0.942320381364, 0.278510871407, 0
(546.331817914, 69.5714901769), (551.583766287, 64.9997134788), 0.917431934678, 0.808623595114, 0
(217.638189616, 65.6714651414), (212.944233234, 65.4111967045), 0.628059395932, 0.380900646601, 0
(48.2926483673, 554.747591143), (44.6545232409, 546.753275171), 0.783122062177, 0.0324742736308, 0
(290.9912474, 120.563067011), (292.164102396, 129.667364725), 0.84117433861, 0.183812716008, 0
(601.427654224, 203.966152204), (608.24639957, 209.393151305), 0.995660408132, 0.0481040021029, 0
(522.337447017, 329.526711365), (525.25534557, 335.04624162), 0.551773135026, 0.196741305729, 0
(469.02307637, 459.134265171), (476.013928478, 464.957282277), 0.79510050422, 0.502865476875, 0
(523.829479246, 656.220172214), (517.947553787, 647.88995767), 0.491583643522, 0.720381714518, 0
(265.533869274, 947.789432903), (273.032674552, 947.027408616), 0.0414896356792, 0.0069907526941, 0
(44.2262207036, 553.353110334), (37.8025336456, 562.395622565), 0.783947860179, 0.667782904271, 0
(900.414849264, 990.316811999), (903.191175685, 999.664425786), 0.997482306875, 0.977071484477, 0
(340.057937556, 387.606922343), (341.463642635, 391.541354826), 0.675841885311, 0.303557067091, 0
(110.659510178, 944.539480281), (112.664781219, 952.730784251), 0.205212055669, 0.529576178768, 0
(287.451754856, 919.347776421), (286.478120604, 925.043693462), 0.960677551163, 0.979623617405, 0
(264.499500317, 719.788198309), (264.862964934, 710.464541177), 0.572530666547, 0.526402634426, 0
(931.231221094, 590.528677054), (931.196676153, 596.423407055), 0.883400068108, 0.893134903104, 0
(605.96652663, 386.05215182), (607.974096591, 380.755941174), 0.884718560653, 0.420944764779, 0
(45.7645190061, 383.021587829), (52.6787224205, 375.816768478), 0.198255163664, 0.361165567224, 0
(801.63207485, 54.360225612), (808.74967517, 44.6266784729), 0.0984565557458, 0.289347903783, 0
(952.700907829, 956.540975123), (953.520119162, 948.104471331), 0.977863572404, 0.329094562475, 0
(461.346827334, 427.773938144), (467.938755644, 429.671307393), 0.704972081895, 0.969257948821, 0
(43.826255875, 360.208376065), (46.1279820309, 365.192662852), 0.0153667852966, 0.425234394811, 0
(696.544368988, 722.248449952), (687.189835998, 721.555561566), 0.811158400083, 0.850715189706, 0
(649.502747275, 965.985767035), (639.746809224, 974.198967316), 0.121779490909, 0.830660746071, 0
(678.433680322, 518.073748465), (684.47375979, 514.555833148), 0.786977684762, 0.0755867604317, 0
(594.482059889, 362.32473783), (594.573513979, 368.626178654), 0.011191253821, 0.736250721182, 0
(598.60791191, 661.979135536), (595.138269416, 656.493215432), 0.770274099434, 0.871999130249, 0
(307.748516419, 39.062191035), (310.416580714, 41.7476157108), 0.812135368814, 0.634939934446, 0
(334.827396709, 25.6290280466), (329.647525486, 26.0341577786), 0.15901891758, 0.874644643667, 0
(138.534798762, 540.062661661), (144.596498299, 538.332154153), 0.670310158285, 0.349718739518, 0
(517.876128294, 904.690002814), (523.300160468, 909.822901103), 0.454032228818, 0.830063473352, 0
(433.348789748, 621.695410748), (431.746377507, 614.567639226), 0.6540073315, 0.392160571644, 0
(177.954080572, 506.648095994), (176.049375226, 515.528672313), 0.153266492997, 0.553140001458, 0
(484.031811073, 160.207692012), (493.683765104, 158.431617965), 0.294581915624, 0.610003161911, 0
(500.392866158, 866.910698969), (493.408428639, 866.491092838), 0.131257026083, 0.199256437169, 0
(980.12439587, 558.726578676), (989.530302295, 557.038852037), 0.618251496108, 0.64897348972, 0
(200.152538808, 547.774836423), (193.658404264, 539.934635708), 0.960768080093, 0.816276264523, 0
(122.816197771, 765.37782118), (132.162277755, 774.456113085), 0.829505287186, 0.985523998728, 0
(124.376216376, 50.2311635809), (118.836274102, 58.0448860727), 0.526174690347, 0.367785700294, 0
(454.54840511, 907.757178905), (463.25549018, 911.625555138), 0.738521762699, 0.095583148917, 0
(385.289754719, 345.409487849), (388.209672529, 345.703357504), 0.663767420586, 0.259728924398, 0
(151.704073933, 194.473076664), (146.766832936, 199.610483887), 0.52988352368, 0.662125986283, 0
(861.94669092, 218.876630922), (860.851620584, 222.877365332), 0.253738403922, 0.53485373449, 0
(261.858580056, 495.146081622), (258.916258686, 488.26233281), 0.00489869100287, 0.707269471174, 0
(452.046893723, 349.215147484), (460.572365075, 356.224755103), 0.645349290154, 0.972881207969, 0
(35.478184094, 662.156880808), (41.4193036919, 665.006828331), 0.121928479102, 0.385861783034, 0
(482.206658896, 899.400662855), (486.510447187, 895.006623827), 0.519505140126, 0.721764083824, 0
(856.904128978, 121.389568304), (850.546992388, 113.517604031), 0.872664316517, 0.463175606614, 0
(124.574012375, 29.3322767613), (129.43148494, 22.6812920172), 0.451783795744, 0.66314069942, 0
(981.876293462, 264.62992505), (986.696517702, 259.72565199), 0.674402872773, 0.089672356074, 0
(828.399003053, 396.496671527), (826.976262252, 396.476823851), 0.599988154582, 0.927066439173, 0
(100.413175708, 387.210016866), (103.08872672, 377.473592449), 0.576954045673, 0.226637094383, 0
(288.199944494, 309.432844678), (288.786792249, 309.150797149), 0.571210197215, 0.791537366824, 0
(690.884629334, 362.771187022), (691.551433863, 368.078965658), 0.0586651832192, 0.327183740414, 0
(516.556191525, 233.284121803), (515.153163485, 237.830468771), 0.432225264323, 0.14140170959, 0
(397.854931611, 487.011950506), (388.841890957, 490.719599115), 0.251279760453, 0.502102785581, 0
(575.378305521, 193.937034135), (569.731606153, 184.997706731), 0.974800384081, 0.170623678766, 0
(418.377038638, 491.927254304), (409.904981041, 483.03176705), 0.874574798789, 0.898575042093, 0
(500.880419229, 781.180041693), (502.429127801, 779.605680247), 0.985638914375, 0.397487857401, 0
(830.989603691, 387.550632471), (838.774403544, 387.040174463), 0.329346915336, 0.241640423055, 0
(375.530994601, 781.73240611), (370.698366571, 789.121037332), 0.120045945659, 0.266363488047, 0
(256.787091899, 368.027114355), (246.963718957, 359.74359727), 0.469158041509, 0.477515648746, 0
(517.809549966, 183.609207671), (520.577363281, 176.485408204), 0.400435332046, 0.751481452484, 0
(390.909001256, 440.261775768), (387.612425863, 444.772161613), 0.609837596789, 0.363991381192, 0
(587.441176448, 820.28464431), (581.151064756, 816.27624936), 0.669050123297, 0.657702852677, 0
(733.586226426, 90.316756442), (730.421671901, 93.049345238), 0.416205104573, 0.586173036991, 0
(32.2827720475, 946.547223366), (24.4172289774, 949.116500144), 0.852281763365, 0.852131715001, 0
(206.002779667, 461.865919987), (213.831308888, 452.690498686), 0.402378558937, 0.606763606733, 0
(60.0916650201, 239.188544481), (56.7559199666, 231.714586706), 0.299917666386, 0.464590653947, 0
(530.647112062, 248.556843417), (524.061467823, 248.274490961), 0.750453702958, 0.496977542632, 0
(712.244554179, 122.448024893), (709.752575179, 125.063400083), 0.739988861249, 0.230412706022, 0
(522.951562656, 917.377009706), (525.279415188, 927.298948345), 0.0607563284486, 0.826651204089, 0
(996.60914942, 810.367253059), (994.267946512, 809.177395732), 0.0543820320606, 0.115483154006, 0
(264.887581421, 723.028222978), (268.555169227, 730.199833295), 0.439311535836, 0.0733790079697, 0
(271.403073583, 331.22886087), (269.072695422, 336.427513363), 0.855033457044, 0.690047788605, 0
(105.482019172, 407.838987953), (107.6832356, 405.204015218), 0.942672189763, 0.135982477879, 0
(654.426674833, 965.13483967), (664.162863845, 973.726374753), 0.797162388018, 0.111372192192, 0
(896.500823873, 966.899516271), (899.553968624, 969.410579297), 0.418050444745, 0.797898776887, 0
(7.62089007625, 403.658844177), (12.1306774993, 398.108915329), 0.263953470848, 0.878059449038, 0
(276.033202479, 401.668173072), (271.884141912, 392.931346578), 0.749307152735, 0.665364722654, 0
(643.509336313, 980.221134987), (651.720513551, 975.395913125), 0.404604209462, 0.441229962405, 0
(451.375770556, 954.674431899), (455.194244387, 947.215561133), 0.381422315732, 0.790138242453, 0
(780.811186509, 198.475848264), (776.565713355, 197.237717457), 0.814282562007, 0.726235026488, 0
(309.712189555, 766.25669492), (305.645894399, 770.145467067), 0.478043932902, 0.275821171584, 0
(467.495997085, 36.1501414504), (468.739894949, 45.263361125), 0.58226058749, 0.685222856629, 0
(890.647824986, 945.27471929), (894.396741459, 948.200693643), 0.530824380594, 0.37550245736, 0
(940.280168813, 201.757038389), (938.76927641, 210.882598522), 0.833003437518, 0.922849506806, 0
(626.029377113, 219.946999057), (619.339629836, 213.594024593), 0.374592230417, 0.19522617069, 0
(850.085704193, 726.605626499), (840.830729534, 734.757405684), 0.680271854824, 0.884362182537, 0
(875.169793219, 470.132634195), (879.92986442, 469.164315482), 0.711617031734, 0.813057768064, 0
(144.323834674, 364.846489479), (147.576520245, 358.950144816), 0.780548704731, 0.781322685139, 0
(15.2042632393, 346.053001578), (7.09815007184, 345.967475509), 0.561620364583, 0.889407649791, 0
(397.455825596, 260.209418753), (405.059694624, 264.236326726), 0.75873582525, 0.398081160645, 0
(493.738264151, 586.915531667), (490.033761404, 592.524384112), 0.402196925134, 0.484609853445, 0
(316.887459786, 813.581214121), (313.691805731, 819.749868726), 0.701739894396, 0.950388713478, 0
(562.40731246, 719.851465289), (553.593109692, 722.468886837), 0.902104476137, 0.341936038723, 0
(699.931414144, 856.109438857), (702.307784243, 857.932267891), 0.511932463181, 0.886287153257, 0
(753.750696038, 794.517957913), (762.867420402, 795.896357266), 0.635397336493, 0.506471609016, 0
(409.765493602, 885.150958268), (411.754812244, 895.031857255), 0.384039855264, 0.235441214859, 0
(781.880407576, 763.664350955), (779.049724865, 771.511238498), 0.0917561538284, 0.312599085652, 0
(437.978569836, 94.5115299127), (447.877162582, 93.1111818448), 0.892727045109, 0.957249464844, 0
(607.634219032, 146.413534114), (598.579838134, 149.818432074), 0.918159488305, 0.000932086447204, 0
(512.631367808, 724.021307772), (516.794582395, 720.227051216), 0.81811611608, 0.166661220522, 0
(732.466037977, 267.570275417), (739.688923388, 270.307847397), 0.954079360874, 0.436144465962, 0
(349.684306309, 771.098568521), (347.379274272, 773.15460624), 0.684049926719, 0.690870002221, 0
(699.645294281, 583.332163972), (702.630796293, 584.260089706), 0.541643821894, 0.571379352822, 0
(72.9885771859, 925.217700817), (82.1990100698, 917.704714321), 0.495756779306, 0.443896298596, 0
(648.530788902, 438.373404679), (654.430627941, 438.399418134), 0.374993634225, 0.00356127717135, 0
(489.69978034, 355.153128358), (487.18488778, 360.581548213), 0.860990857701, 0.418284742739, 0
(573.075001274, 2.46488797957), (574.159595687, 4.75991746433), 0.339105354098, 0.977861883494, 0
(422.117187776, 496.351921544), (420.469997927, 499.217829728), 0.897349357434, 0.53243235457, 0
(892.055213979, 616.728833027), (886.96719006, 616.429089581), 0.670308788775, 0.566382953609, 0
(256.536497407, 335.475690485), (264.64239711, 326.139663951), 0.753953034729, 0.813105732925, 0
(307.365714988, 653.185858799), (313.148517224, 655.22606632), 0.557222845401, 0.0385144662483, 0
(195.532436674, 975.042088363), (193.279249766, 970.418796749), 0.370529150948, 0.901590355331, 0
(74.7294521222, 195.082580182), (78.264025857, 188.196085554), 0.141576234147, 0.953205264914, 0
(461.660189672, 136.223081628), (471.37958696, 144.944282188), 0.441111442429, 0.381039725946, 0
