700
(594.990134, 400.313953), (644.566309, 393.106672), 0.173943, 0.002206, 0
(594.960574, 400.626666), (644.891470, 396.546521), 0.144738, 0.102135, 0
(594.911436, 400.936907), (645.000000, 400.000000), 0.010911, 0.138152, 0
(594.842916, 401.243449), (644.891470, 403.453479), 0.082665, 0.167001, 0
(594.755283, 401.545085), (644.566309, 406.893328), 0.116495, 0.144151, 0
(594.648882, 401.840623), (644.025799, 410.305972), 0.045802, 0.020883, 0
(594.524135, 402.128896), (643.272074, 413.677944), 0.162981, 0.004608, 0
(594.381533, 402.408768), (642.308108, 416.995935), 0.014332, 0.101516, 0
(594.221640, 402.679134), (641.137707, 420.246850), 0.011702, 0.101536, 0
(594.045085, 402.938926), (639.765488, 423.417861), 0.155777, 0.110976, 0
(593.852566, 403.187120), (638.196867, 426.496452), 0.075610, 0.127626, 0
(593.644843, 403.422736), (636.438036, 429.470474), 0.196173, 0.125810, 0
(593.422736, 403.644843), (634.495935, 432.328189), 0.035282, 0.197258, 0
(593.187120, 403.852566), (632.378228, 435.058319), 0.044067, 0.080063, 0
(592.938926, 404.045085), (630.093275, 437.650091), 0.179533, 0.001547, 0
(592.679134, 404.221640), (627.650091, 440.093275), 0.088776, 0.103579, 0
(592.408768, 404.381533), (625.058319, 442.378228), 0.123077, 0.107149, 0
(592.128896, 404.524135), (622.328189, 444.495935), 0.024381, 0.141708, 0
(591.840623, 404.648882), (619.470474, 446.438036), 0.128754, 0.066571, 0
(591.545085, 404.755283), (616.496452, 448.196867), 0.098069, 0.027030, 0
(591.243449, 404.842916), (613.417861, 449.765488), 0.154810, 0.055574, 0
(590.936907, 404.911436), (610.246850, 451.137707), 0.104875, 0.105695, 0
(590.626666, 404.960574), (606.995935, 452.308108), 0.003646, 0.039053, 0
(590.313953, 404.990134), (603.677944, 453.272074), 0.185097, 0.128275, 0
(590.000000, 405.000000), (600.305972, 454.025799), 0.051892, 0.020981, 0
(589.686047, 404.990134), (596.893328, 454.566309), 0.096412, 0.139424, 0
(589.373334, 404.960574), (593.453479, 454.891470), 0.076891, 0.183917, 0
(589.063093, 404.911436), (590.000000, 455.000000), 0.114068, 0.131687, 0
(588.756551, 404.842916), (586.546521, 454.891470), 0.097501, 0.109293, 0
(588.454915, 404.755283), (583.106672, 454.566309), 0.040804, 0.183950, 0
(588.159377, 404.648882), (579.694028, 454.025799), 0.176936, 0.101130, 0
(587.871104, 404.524135), (576.322056, 453.272074), 0.101829, 0.156042, 0
(587.591232, 404.381533), (573.004065, 452.308108), 0.017377, 0.099311, 0
(587.320866, 404.221640), (569.753150, 451.137707), 0.194345, 0.089466, 0
(587.061074, 404.045085), (566.582139, 449.765488), 0.079151, 0.173415, 0
(586.812880, 403.852566), (563.503548, 448.196867), 0.085973, 0.072223, 0
(586.577264, 403.644843), (560.529526, 446.438036), 0.146492, 0.125627, 0
(586.355157, 403.422736), (557.671811, 444.495935), 0.111573, 0.182350, 0
(586.147434, 403.187120), (554.941681, 442.378228), 0.181964, 0.162885, 0
(585.954915, 402.938926), (552.349909, 440.093275), 0.114742, 0.164331, 0
(585.778360, 402.679134), (549.906725, 437.650091), 0.125542, 0.166012, 0
(585.618467, 402.408768), (547.621772, 435.058319), 0.036926, 0.061572, 0
(585.475865, 402.128896), (545.504065, 432.328189), 0.024527, 0.002876, 0
(585.351118, 401.840623), (543.561964, 429.470474), 0.168543, 0.155454, 0
(585.244717, 401.545085), (541.803133, 426.496452), 0.054511, 0.193284, 0
(585.157084, 401.243449), (540.234512, 423.417861), 0.071490, 0.160930, 0
(585.088564, 400.936907), (538.862293, 420.246850), 0.084844, 0.117239, 0
(585.039426, 400.626666), (537.691892, 416.995935), 0.002555, 0.068235, 0
(585.009866, 400.313953), (536.727926, 413.677944), 0.108220, 0.155875, 0
(585.000000, 400.000000), (535.974201, 410.305972), 0.123246, 0.173626, 0
(585.009866, 399.686047), (535.433691, 406.893328), 0.118330, 0.127618, 0
(585.039426, 399.373334), (535.108530, 403.453479), 0.026181, 0.117566, 0
(585.088564, 399.063093), (535.000000, 400.000000), 0.149264, 0.037514, 0
(585.157084, 398.756551), (535.108530, 396.546521), 0.130785, 0.117826, 0
(585.244717, 398.454915), (535.433691, 393.106672), 0.187649, 0.006657, 0
(585.351118, 398.159377), (535.974201, 389.694028), 0.062657, 0.062010, 0
(585.475865, 397.871104), (536.727926, 386.322056), 0.041290, 0.116739, 0
(585.618467, 397.591232), (537.691892, 383.004065), 0.065198, 0.033312, 0
(585.778360, 397.320866), (538.862293, 379.753150), 0.054960, 0.179730, 0
(585.954915, 397.061074), (540.234512, 376.582139), 0.062651, 0.029908, 0
(586.147434, 396.812880), (541.803133, 373.503548), 0.091138, 0.157832, 0
(586.355157, 396.577264), (543.561964, 370.529526), 0.003365, 0.091452, 0
(586.577264, 396.355157), (545.504065, 367.671811), 0.042660, 0.040054, 0
(586.812880, 396.147434), (547.621772, 364.941681), 0.071385, 0.067998, 0
(587.061074, 395.954915), (549.906725, 362.349909), 0.044200, 0.188513, 0
(587.320866, 395.778360), (552.349909, 359.906725), 0.177215, 0.164489, 0
(587.591232, 395.618467), (554.941681, 357.621772), 0.135633, 0.196111, 0
(587.871104, 395.475865), (557.671811, 355.504065), 0.175773, 0.032535, 0
(588.159377, 395.351118), (560.529526, 353.561964), 0.033028, 0.170699, 0
(588.454915, 395.244717), (563.503548, 351.803133), 0.024867, 0.003171, 0
(588.756551, 395.157084), (566.582139, 350.234512), 0.016705, 0.137191, 0
(589.063093, 395.088564), (569.753150, 348.862293), 0.099070, 0.031575, 0
(589.373334, 395.039426), (573.004065, 347.691892), 0.068951, 0.190972, 0
(589.686047, 395.009866), (576.322056, 346.727926), 0.168957, 0.132261, 0
(590.000000, 395.000000), (579.694028, 345.974201), 0.133575, 0.101868, 0
(590.313953, 395.009866), (583.106672, 345.433691), 0.016962, 0.074751, 0
(590.626666, 395.039426), (586.546521, 345.108530), 0.198263, 0.142829, 0
(590.936907, 395.088564), (590.000000, 345.000000), 0.047560, 0.047268, 0
(591.243449, 395.157084), (593.453479, 345.108530), 0.170771, 0.021986, 0
(591.545085, 395.244717), (596.893328, 345.433691), 0.188975, 0.122195, 0
(591.840623, 395.351118), (600.305972, 345.974201), 0.182719, 0.079095, 0
(592.128896, 395.475865), (603.677944, 346.727926), 0.142118, 0.105212, 0
(592.408768, 395.618467), (606.995935, 347.691892), 0.108937, 0.042585, 0
(592.679134, 395.778360), (610.246850, 348.862293), 0.045631, 0.068410, 0
(592.938926, 395.954915), (613.417861, 350.234512), 0.110731, 0.009328, 0
(593.187120, 396.147434), (616.496452, 351.803133), 0.080273, 0.141886, 0
(593.422736, 396.355157), (619.470474, 353.561964), 0.171060, 0.017572, 0
(593.644843, 396.577264), (622.328189, 355.504065), 0.081467, 0.177355, 0
(593.852566, 396.812880), (625.058319, 357.621772), 0.042160, 0.043941, 0
(594.045085, 397.061074), (627.650091, 359.906725), 0.067076, 0.063439, 0
(594.221640, 397.320866), (630.093275, 362.349909), 0.182390, 0.097284, 0
(594.381533, 397.591232), (632.378228, 364.941681), 0.079563, 0.008725, 0
(594.524135, 397.871104), (634.495935, 367.671811), 0.062140, 0.020614, 0
(594.648882, 398.159377), (636.438036, 370.529526), 0.123935, 0.053657, 0
(594.755283, 398.454915), (638.196867, 373.503548), 0.130839, 0.012177, 0
(594.842916, 398.756551), (639.765488, 376.582139), 0.071786, 0.096564, 0
(594.911436, 399.063093), (641.137707, 379.753150), 0.032368, 0.161744, 0
(594.960574, 399.373334), (642.308108, 383.004065), 0.122803, 0.183755, 0
(594.990134, 399.686047), (643.272074, 386.322056), 0.194815, 0.024602, 0
(595.000000, 400.000000), (644.025799, 389.694028), 0.015591, 0.174708, 0
(644.924624, 402.878478), (702.486974, 423.909844), 0.024810, 0.010890, 1
(644.698704, 405.749065), (701.081470, 429.764190), 0.196858, 0.035219, 1
(644.322859, 408.603896), (699.371499, 435.536954), 0.079697, 0.054454, 1
(643.798118, 411.435143), (697.361749, 441.212314), 0.104837, 0.007766, 1
(643.125920, 414.235047), (695.057728, 446.774714), 0.134576, 0.095926, 1
(642.308108, 416.995935), (692.465750, 452.208907), 0.116126, 0.098165, 1
(641.346923, 419.710237), (689.592921, 457.500000), 0.065188, 0.103178, 1
(640.245000, 422.370515), (686.447115, 462.633489), 0.091837, 0.102950, 1
(639.005359, 424.969477), (683.036954, 467.595304), 0.081082, 0.083803, 1
(637.631397, 427.500000), (679.371786, 472.371845), 0.120403, 0.095677, 1
(636.126881, 429.955147), (675.461655, 476.950020), 0.193010, 0.076585, 1
(634.495935, 432.328189), (671.317280, 481.317280), 0.021475, 0.195623, 1
(632.743028, 434.612622), (666.950020, 485.461655), 0.194941, 0.169226, 1
(630.872965, 436.802183), (662.371845, 489.371786), 0.108972, 0.057377, 1
(628.890873, 438.890873), (657.595304, 493.036954), 0.189907, 0.028513, 1
(626.802183, 440.872965), (652.633489, 496.447115), 0.118311, 0.116611, 1
(624.612622, 442.743028), (647.500000, 499.592921), 0.158362, 0.187518, 1
(622.328189, 444.495935), (642.208907, 502.465750), 0.113459, 0.077292, 1
(619.955147, 446.126881), (636.774714, 505.057728), 0.042670, 0.131441, 1
(617.500000, 447.631397), (631.212314, 507.361749), 0.140525, 0.078709, 1
(614.969477, 449.005359), (625.536954, 509.371499), 0.177585, 0.160064, 1
(612.370515, 450.245000), (619.764190, 511.081470), 0.072486, 0.035981, 1
(609.710237, 451.346923), (613.909844, 512.486974), 0.032015, 0.065198, 1
(606.995935, 452.308108), (607.989963, 513.584159), 0.050110, 0.053667, 1
(604.235047, 453.125920), (602.020773, 514.370018), 0.187973, 0.075417, 1
(601.435143, 453.798118), (596.018635, 514.842396), 0.016615, 0.155127, 1
(598.603896, 454.322859), (590.000000, 515.000000), 0.021306, 0.131916, 1
(595.749065, 454.698704), (583.981365, 514.842396), 0.049602, 0.082298, 1
(592.878478, 454.924624), (577.979227, 514.370018), 0.114317, 0.180716, 1
(590.000000, 455.000000), (572.010037, 513.584159), 0.195006, 0.105391, 1
(587.121522, 454.924624), (566.090156, 512.486974), 0.108073, 0.124813, 1
(584.250935, 454.698704), (560.235810, 511.081470), 0.141429, 0.092123, 1
(581.396104, 454.322859), (554.463046, 509.371499), 0.176880, 0.175381, 1
(578.564857, 453.798118), (548.787686, 507.361749), 0.115873, 0.030914, 1
(575.764953, 453.125920), (543.225286, 505.057728), 0.034625, 0.193685, 1
(573.004065, 452.308108), (537.791093, 502.465750), 0.047296, 0.193684, 1
(570.289763, 451.346923), (532.500000, 499.592921), 0.152421, 0.146109, 1
(567.629485, 450.245000), (527.366511, 496.447115), 0.038337, 0.147791, 1
(565.030523, 449.005359), (522.404696, 493.036954), 0.009915, 0.194805, 1
(562.500000, 447.631397), (517.628155, 489.371786), 0.133745, 0.197526, 1
(560.044853, 446.126881), (513.049980, 485.461655), 0.087665, 0.061076, 1
(557.671811, 444.495935), (508.682720, 481.317280), 0.161077, 0.044281, 1
(555.387378, 442.743028), (504.538345, 476.950020), 0.129396, 0.156450, 1
(553.197817, 440.872965), (500.628214, 472.371845), 0.018111, 0.098584, 1
(551.109127, 438.890873), (496.963046, 467.595304), 0.062772, 0.018912, 1
(549.127035, 436.802183), (493.552885, 462.633489), 0.164133, 0.053011, 1
(547.256972, 434.612622), (490.407079, 457.500000), 0.106230, 0.020045, 1
(545.504065, 432.328189), (487.534250, 452.208907), 0.122536, 0.160053, 1
(543.873119, 429.955147), (484.942272, 446.774714), 0.148469, 0.028339, 1
(542.368603, 427.500000), (482.638251, 441.212314), 0.032387, 0.150593, 1
(540.994641, 424.969477), (480.628501, 435.536954), 0.104255, 0.020114, 1
(539.755000, 422.370515), (478.918530, 429.764190), 0.166987, 0.010322, 1
(538.653077, 419.710237), (477.513026, 423.909844), 0.061768, 0.056023, 1
(537.691892, 416.995935), (476.415841, 417.989963), 0.132959, 0.072135, 1
(536.874080, 414.235047), (475.629982, 412.020773), 0.106238, 0.128827, 1
(536.201882, 411.435143), (475.157604, 406.018635), 0.173846, 0.088653, 1
(535.677141, 408.603896), (475.000000, 400.000000), 0.032913, 0.173227, 1
(535.301296, 405.749065), (475.157604, 393.981365), 0.118639, 0.086201, 1
(535.075376, 402.878478), (475.629982, 387.979227), 0.024051, 0.138643, 1
(535.000000, 400.000000), (476.415841, 382.010037), 0.138519, 0.086890, 1
(535.075376, 397.121522), (477.513026, 376.090156), 0.022378, 0.142594, 1
(535.301296, 394.250935), (478.918530, 370.235810), 0.046959, 0.014045, 1
(535.677141, 391.396104), (480.628501, 364.463046), 0.180788, 0.074172, 1
(536.201882, 388.564857), (482.638251, 358.787686), 0.043518, 0.157772, 1
(536.874080, 385.764953), (484.942272, 353.225286), 0.030458, 0.049473, 1
(537.691892, 383.004065), (487.534250, 347.791093), 0.170611, 0.039619, 1
(538.653077, 380.289763), (490.407079, 342.500000), 0.102280, 0.001752, 1
(539.755000, 377.629485), (493.552885, 337.366511), 0.084697, 0.181361, 1
(540.994641, 375.030523), (496.963046, 332.404696), 0.105467, 0.099792, 1
(542.368603, 372.500000), (500.628214, 327.628155), 0.018022, 0.058916, 1
(543.873119, 370.044853), (504.538345, 323.049980), 0.074532, 0.049709, 1
(545.504065, 367.671811), (508.682720, 318.682720), 0.035366, 0.077696, 1
(547.256972, 365.387378), (513.049980, 314.538345), 0.183211, 0.013700, 1
(549.127035, 363.197817), (517.628155, 310.628214), 0.003504, 0.149959, 1
(551.109127, 361.109127), (522.404696, 306.963046), 0.121645, 0.009036, 1
(553.197817, 359.127035), (527.366511, 303.552885), 0.046590, 0.106652, 1
(555.387378, 357.256972), (532.500000, 300.407079), 0.117109, 0.114516, 1
(557.671811, 355.504065), (537.791093, 297.534250), 0.024748, 0.000373, 1
(560.044853, 353.873119), (543.225286, 294.942272), 0.143498, 0.196096, 1
(562.500000, 352.368603), (548.787686, 292.638251), 0.136774, 0.180248, 1
(565.030523, 350.994641), (554.463046, 290.628501), 0.179682, 0.175972, 1
(567.629485, 349.755000), (560.235810, 288.918530), 0.153913, 0.129487, 1
(570.289763, 348.653077), (566.090156, 287.513026), 0.028710, 0.035872, 1
(573.004065, 347.691892), (572.010037, 286.415841), 0.000363, 0.074093, 1
(575.764953, 346.874080), (577.979227, 285.629982), 0.077950, 0.169227, 1
(578.564857, 346.201882), (583.981365, 285.157604), 0.159042, 0.027163, 1
(581.396104, 345.677141), (590.000000, 285.000000), 0.027409, 0.078403, 1
(584.250935, 345.301296), (596.018635, 285.157604), 0.011940, 0.187435, 1
(587.121522, 345.075376), (602.020773, 285.629982), 0.101472, 0.177154, 1
(590.000000, 345.000000), (607.989963, 286.415841), 0.191346, 0.127997, 1
(592.878478, 345.075376), (613.909844, 287.513026), 0.147456, 0.061680, 1
(595.749065, 345.301296), (619.764190, 288.918530), 0.068291, 0.101733, 1
(598.603896, 345.677141), (625.536954, 290.628501), 0.153665, 0.024575, 1
(601.435143, 346.201882), (631.212314, 292.638251), 0.123572, 0.158016, 1
(604.235047, 346.874080), (636.774714, 294.942272), 0.058846, 0.122612, 1
(606.995935, 347.691892), (642.208907, 297.534250), 0.083055, 0.072392, 1
(609.710237, 348.653077), (647.500000, 300.407079), 0.071566, 0.131109, 1
(612.370515, 349.755000), (652.633489, 303.552885), 0.053757, 0.030538, 1
(614.969477, 350.994641), (657.595304, 306.963046), 0.152337, 0.180878, 1
(617.500000, 352.368603), (662.371845, 310.628214), 0.024146, 0.103424, 1
(619.955147, 353.873119), (666.950020, 314.538345), 0.129597, 0.175693, 1
(622.328189, 355.504065), (671.317280, 318.682720), 0.110578, 0.168002, 1
(624.612622, 357.256972), (675.461655, 323.049980), 0.046183, 0.020984, 1
(626.802183, 359.127035), (679.371786, 327.628155), 0.175343, 0.027197, 1
(628.890873, 361.109127), (683.036954, 332.404696), 0.047624, 0.169830, 1
(630.872965, 363.197817), (686.447115, 337.366511), 0.135664, 0.042943, 1
(632.743028, 365.387378), (689.592921, 342.500000), 0.097200, 0.088345, 1
(634.495935, 367.671811), (692.465750, 347.791093), 0.072432, 0.102576, 1
(636.126881, 370.044853), (695.057728, 353.225286), 0.194444, 0.183848, 1
(637.631397, 372.500000), (697.361749, 358.787686), 0.082843, 0.112393, 1
(639.005359, 375.030523), (699.371499, 364.463046), 0.009738, 0.126114, 1
(640.245000, 377.629485), (701.081470, 370.235810), 0.002506, 0.154708, 1
(641.346923, 380.289763), (702.486974, 376.090156), 0.002069, 0.128146, 1
(642.308108, 383.004065), (703.584159, 382.010037), 0.136455, 0.032538, 1
(643.125920, 385.764953), (704.370018, 387.979227), 0.124601, 0.115159, 1
(643.798118, 388.564857), (704.842396, 393.981365), 0.020323, 0.120097, 1
(644.322859, 391.396104), (705.000000, 400.000000), 0.066820, 0.000283, 1
(644.698704, 394.250935), (704.842396, 406.018635), 0.000703, 0.128737, 1
(644.924624, 397.121522), (704.370018, 412.020773), 0.175917, 0.019505, 1
(645.000000, 400.000000), (703.584159, 417.989963), 0.013495, 0.170584, 1
(704.884203, 405.159455), (774.255244, 383.416728), 0.042235, 0.063335, 0
(704.537044, 410.308521), (774.813717, 391.700006), 0.163041, 0.045777, 0
(703.959223, 415.436826), (775.000000, 400.000000), 0.195566, 0.017090, 0
(703.151903, 420.534043), (774.813717, 408.299994), 0.000212, 0.001604, 0
(702.116710, 425.589907), (774.255244, 416.583272), 0.028092, 0.022136, 0
(700.855729, 430.594237), (773.325706, 424.833154), 0.032271, 0.121931, 0
(699.371499, 435.536954), (772.026974, 433.033026), 0.192067, 0.155510, 0
(697.667010, 440.408105), (770.361664, 441.166373), 0.132203, 0.129086, 0
(695.745694, 445.197879), (768.333129, 449.216816), 0.093567, 0.092401, 0
(693.611420, 449.896630), (765.945456, 457.168144), 0.014867, 0.046548, 0
(691.268486, 454.494896), (763.203451, 465.004342), 0.062828, 0.126239, 0
(688.721611, 458.983417), (760.112638, 472.709631), 0.089890, 0.185116, 0
(685.975924, 463.353153), (756.679241, 480.268492), 0.088862, 0.026685, 0
(683.036954, 467.595304), (752.910173, 487.665703), 0.034222, 0.165950, 0
(679.910620, 471.701327), (748.813027, 494.886366), 0.083636, 0.031904, 0
(676.603219, 475.662953), (744.396052, 501.915942), 0.143017, 0.159035, 0
(673.121409, 479.472205), (739.668144, 508.740272), 0.168830, 0.107309, 0
(669.472205, 483.121409), (734.638824, 515.345613), 0.175600, 0.153766, 0
(665.662953, 486.603219), (729.318221, 521.718664), 0.105810, 0.156596, 0
(661.701327, 489.910620), (723.717050, 527.846590), 0.195869, 0.105198, 0
(657.595304, 493.036954), (717.846590, 533.717050), 0.117710, 0.026562, 0
(653.353153, 495.975924), (711.718664, 539.318221), 0.017908, 0.086215, 0
(648.983417, 498.721611), (705.345613, 544.638824), 0.090815, 0.005432, 0
(644.494896, 501.268486), (698.740272, 549.668144), 0.012592, 0.157416, 0
(639.896630, 503.611420), (691.915942, 554.396052), 0.055684, 0.038786, 0
(635.197879, 505.745694), (684.886366, 558.813027), 0.100439, 0.188849, 0
(630.408105, 507.667010), (677.665703, 562.910173), 0.193631, 0.059188, 0
(625.536954, 509.371499), (670.268492, 566.679241), 0.069123, 0.019604, 0
(620.594237, 510.855729), (662.709631, 570.112638), 0.141208, 0.159515, 0
(615.589907, 512.116710), (655.004342, 573.203451), 0.189218, 0.036196, 0
(610.534043, 513.151903), (647.168144, 575.945456), 0.107043, 0.033936, 0
(605.436826, 513.959223), (639.216816, 578.333129), 0.196509, 0.118609, 0
(600.308521, 514.537044), (631.166373, 580.361664), 0.143106, 0.088584, 0
(595.159455, 514.884203), (623.033026, 582.026974), 0.099030, 0.003854, 0
(590.000000, 515.000000), (614.833154, 583.325706), 0.126671, 0.168960, 0
(584.840545, 514.884203), (606.583272, 584.255244), 0.190314, 0.198456, 0
(579.691479, 514.537044), (598.299994, 584.813717), 0.095428, 0.059860, 0
(574.563174, 513.959223), (590.000000, 585.000000), 0.098143, 0.014824, 0
(569.465957, 513.151903), (581.700006, 584.813717), 0.169491, 0.077648, 0
(564.410093, 512.116710), (573.416728, 584.255244), 0.105528, 0.162877, 0
(559.405763, 510.855729), (565.166846, 583.325706), 0.098184, 0.160162, 0
(554.463046, 509.371499), (556.966974, 582.026974), 0.017369, 0.155457, 0
(549.591895, 507.667010), (548.833627, 580.361664), 0.000251, 0.186283, 0
(544.802121, 505.745694), (540.783184, 578.333129), 0.169537, 0.022526, 0
(540.103370, 503.611420), (532.831856, 575.945456), 0.059072, 0.131997, 0
(535.505104, 501.268486), (524.995658, 573.203451), 0.151937, 0.176630, 0
(531.016583, 498.721611), (517.290369, 570.112638), 0.167600, 0.125193, 0
(526.646847, 495.975924), (509.731508, 566.679241), 0.058930, 0.053808, 0
(522.404696, 493.036954), (502.334297, 562.910173), 0.038956, 0.065665, 0
(518.298673, 489.910620), (495.113634, 558.813027), 0.136514, 0.126105, 0
(514.337047, 486.603219), (488.084058, 554.396052), 0.176484, 0.045475, 0
(510.527795, 483.121409), (481.259728, 549.668144), 0.147257, 0.072853, 0
(506.878591, 479.472205), (474.654387, 544.638824), 0.143330, 0.015801, 0
(503.396781, 475.662953), (468.281336, 539.318221), 0.069649, 0.035483, 0
(500.089380, 471.701327), (462.153410, 533.717050), 0.035995, 0.140659, 0
(496.963046, 467.595304), (456.282950, 527.846590), 0.003222, 0.173127, 0
(494.024076, 463.353153), (450.681779, 521.718664), 0.143578, 0.170636, 0
(491.278389, 458.983417), (445.361176, 515.345613), 0.036427, 0.025145, 0
(488.731514, 454.494896), (440.331856, 508.740272), 0.103212, 0.075165, 0
(486.388580, 449.896630), (435.603948, 501.915942), 0.088160, 0.026821, 0
(484.254306, 445.197879), (431.186973, 494.886366), 0.021685, 0.006409, 0
(482.332990, 440.408105), (427.089827, 487.665703), 0.150684, 0.118650, 0
(480.628501, 435.536954), (423.320759, 480.268492), 0.000639, 0.140051, 0
(479.144271, 430.594237), (419.887362, 472.709631), 0.083640, 0.064252, 0
(477.883290, 425.589907), (416.796549, 465.004342), 0.126344, 0.112140, 0
(476.848097, 420.534043), (414.054544, 457.168144), 0.015537, 0.163706, 0
(476.040777, 415.436826), (411.666871, 449.216816), 0.070031, 0.188353, 0
(475.462956, 410.308521), (409.638336, 441.166373), 0.060576, 0.086989, 0
(475.115797, 405.159455), (407.973026, 433.033026), 0.035727, 0.067994, 0
(475.000000, 400.000000), (406.674294, 424.833154), 0.176764, 0.002113, 0
(475.115797, 394.840545), (405.744756, 416.583272), 0.022082, 0.072506, 0
(475.462956, 389.691479), (405.186283, 408.299994), 0.199735, 0.011866, 0
(476.040777, 384.563174), (405.000000, 400.000000), 0.141526, 0.101536, 0
(476.848097, 379.465957), (405.186283, 391.700006), 0.094997, 0.118139, 0
(477.883290, 374.410093), (405.744756, 383.416728), 0.134587, 0.087667, 0
(479.144271, 369.405763), (406.674294, 375.166846), 0.152911, 0.019721, 0
(480.628501, 364.463046), (407.973026, 366.966974), 0.102173, 0.007926, 0
(482.332990, 359.591895), (409.638336, 358.833627), 0.062111, 0.119749, 0
(484.254306, 354.802121), (411.666871, 350.783184), 0.166951, 0.004552, 0
(486.388580, 350.103370), (414.054544, 342.831856), 0.135299, 0.173839, 0
(488.731514, 345.505104), (416.796549, 334.995658), 0.165037, 0.173257, 0
(491.278389, 341.016583), (419.887362, 327.290369), 0.093149, 0.022998, 0
(494.024076, 336.646847), (423.320759, 319.731508), 0.095125, 0.148108, 0
(496.963046, 332.404696), (427.089827, 312.334297), 0.064005, 0.058212, 0
(500.089380, 328.298673), (431.186973, 305.113634), 0.197134, 0.116497, 0
(503.396781, 324.337047), (435.603948, 298.084058), 0.147861, 0.026799, 0
(506.878591, 320.527795), (440.331856, 291.259728), 0.035188, 0.062052, 0
(510.527795, 316.878591), (445.361176, 284.654387), 0.078842, 0.014486, 0
(514.337047, 313.396781), (450.681779, 278.281336), 0.181856, 0.040795, 0
(518.298673, 310.089380), (456.282950, 272.153410), 0.024818, 0.099525, 0
(522.404696, 306.963046), (462.153410, 266.282950), 0.084478, 0.069980, 0
(526.646847, 304.024076), (468.281336, 260.681779), 0.168784, 0.048166, 0
(531.016583, 301.278389), (474.654387, 255.361176), 0.115271, 0.173124, 0
(535.505104, 298.731514), (481.259728, 250.331856), 0.189857, 0.082512, 0
(540.103370, 296.388580), (488.084058, 245.603948), 0.163723, 0.106511, 0
(544.802121, 294.254306), (495.113634, 241.186973), 0.011796, 0.186434, 0
(549.591895, 292.332990), (502.334297, 237.089827), 0.029426, 0.161795, 0
(554.463046, 290.628501), (509.731508, 233.320759), 0.125057, 0.178001, 0
(559.405763, 289.144271), (517.290369, 229.887362), 0.122695, 0.188071, 0
(564.410093, 287.883290), (524.995658, 226.796549), 0.103685, 0.017716, 0
(569.465957, 286.848097), (532.831856, 224.054544), 0.065712, 0.089009, 0
(574.563174, 286.040777), (540.783184, 221.666871), 0.190582, 0.099864, 0
(579.691479, 285.462956), (548.833627, 219.638336), 0.187233, 0.083252, 0
(584.840545, 285.115797), (556.966974, 217.973026), 0.066467, 0.096574, 0
(590.000000, 285.000000), (565.166846, 216.674294), 0.195943, 0.070311, 0
(595.159455, 285.115797), (573.416728, 215.744756), 0.059536, 0.108057, 0
(600.308521, 285.462956), (581.700006, 215.186283), 0.078843, 0.099691, 0
(605.436826, 286.040777), (590.000000, 215.000000), 0.190942, 0.075502, 0
(610.534043, 286.848097), (598.299994, 215.186283), 0.125615, 0.026078, 0
(615.589907, 287.883290), (606.583272, 215.744756), 0.139667, 0.041862, 0
(620.594237, 289.144271), (614.833154, 216.674294), 0.098106, 0.004473, 0
(625.536954, 290.628501), (623.033026, 217.973026), 0.082299, 0.092575, 0
(630.408105, 292.332990), (631.166373, 219.638336), 0.058171, 0.074278, 0
(635.197879, 294.254306), (639.216816, 221.666871), 0.155540, 0.073802, 0
(639.896630, 296.388580), (647.168144, 224.054544), 0.141896, 0.167443, 0
(644.494896, 298.731514), (655.004342, 226.796549), 0.162270, 0.113668, 0
(648.983417, 301.278389), (662.709631, 229.887362), 0.059162, 0.127811, 0
(653.353153, 304.024076), (670.268492, 233.320759), 0.104504, 0.146709, 0
(657.595304, 306.963046), (677.665703, 237.089827), 0.195690, 0.076028, 0
(661.701327, 310.089380), (684.886366, 241.186973), 0.078820, 0.058316, 0
(665.662953, 313.396781), (691.915942, 245.603948), 0.190506, 0.111162, 0
(669.472205, 316.878591), (698.740272, 250.331856), 0.092034, 0.025678, 0
(673.121409, 320.527795), (705.345613, 255.361176), 0.167964, 0.068777, 0
(676.603219, 324.337047), (711.718664, 260.681779), 0.014213, 0.114183, 0
(679.910620, 328.298673), (717.846590, 266.282950), 0.090949, 0.142416, 0
(683.036954, 332.404696), (723.717050, 272.153410), 0.016566, 0.114045, 0
(685.975924, 336.646847), (729.318221, 278.281336), 0.171185, 0.089618, 0
(688.721611, 341.016583), (734.638824, 284.654387), 0.004770, 0.103884, 0
(691.268486, 345.505104), (739.668144, 291.259728), 0.150284, 0.049949, 0
(693.611420, 350.103370), (744.396052, 298.084058), 0.182784, 0.146624, 0
(695.745694, 354.802121), (748.813027, 305.113634), 0.084887, 0.024717, 0
(697.667010, 359.591895), (752.910173, 312.334297), 0.125001, 0.006495, 0
(699.371499, 364.463046), (756.679241, 319.731508), 0.061807, 0.031170, 0
(700.855729, 369.405763), (760.112638, 327.290369), 0.152953, 0.087717, 0
(702.116710, 374.410093), (763.203451, 334.995658), 0.102505, 0.042721, 0
(703.151903, 379.465957), (765.945456, 342.831856), 0.134737, 0.052712, 0
(703.959223, 384.563174), (768.333129, 350.783184), 0.054559, 0.102318, 0
(704.537044, 389.691479), (770.361664, 358.833627), 0.023645, 0.126518, 0
(704.884203, 394.840545), (772.026974, 366.966974), 0.109811, 0.162823, 0
(705.000000, 400.000000), (773.325706, 375.166846), 0.061649, 0.114203, 0
(774.857372, 407.263066), (851.737410, 441.455133), 0.118130, 0.167689, 1
(774.429707, 414.514933), (849.908099, 451.698935), 0.061533, 0.057641, 1
(773.717665, 421.744419), (847.678029, 461.863021), 0.112515, 0.107454, 1
(772.722343, 428.940376), (845.050638, 471.931719), 0.002236, 0.077893, 1
(771.445277, 436.091710), (842.029977, 481.889504), 0.101916, 0.173964, 1
(769.888435, 443.187392), (838.620704, 491.721020), 0.160157, 0.144375, 1
(768.054219, 450.216483), (834.828076, 501.411110), 0.066149, 0.195007, 1
(765.945456, 457.168144), (830.657941, 510.944830), 0.141089, 0.170604, 1
(763.565397, 464.031656), (826.116729, 520.307482), 0.155155, 0.190358, 1
(760.917714, 470.796435), (821.211442, 529.484629), 0.144919, 0.032963, 1
(758.006487, 477.452051), (815.949644, 538.462120), 0.076141, 0.195516, 1
(754.836207, 483.988242), (810.339447, 547.226112), 0.127516, 0.023842, 1
(751.411761, 490.394930), (804.389504, 555.763092), 0.179769, 0.171801, 1
(747.738430, 496.662234), (798.108987, 564.059897), 0.163920, 0.032026, 1
(743.821878, 502.780493), (791.507581, 572.103733), 0.106577, 0.151295, 1
(739.668144, 508.740272), (784.595465, 579.882198), 0.030247, 0.110404, 1
(735.283632, 514.532381), (777.383297, 587.383297), 0.074163, 0.002152, 1
(730.675104, 520.147889), (769.882198, 594.595465), 0.093807, 0.133950, 1
(725.849664, 525.578138), (762.103733, 601.507581), 0.015985, 0.113406, 1
(720.814755, 530.814755), (754.059897, 608.108987), 0.112112, 0.108709, 1
(715.578138, 535.849664), (745.763092, 614.389504), 0.041875, 0.099285, 1
(710.147889, 540.675104), (737.226112, 620.339447), 0.155513, 0.059192, 1
(704.532381, 545.283632), (728.462120, 625.949644), 0.040494, 0.039665, 1
(698.740272, 549.668144), (719.484629, 631.211442), 0.192995, 0.015936, 1
(692.780493, 553.821878), (710.307482, 636.116729), 0.184479, 0.065211, 1
(686.662234, 557.738430), (700.944830, 640.657941), 0.013537, 0.186524, 1
(680.394930, 561.411761), (691.411110, 644.828076), 0.043488, 0.148861, 1
(673.988242, 564.836207), (681.721020, 648.620704), 0.163104, 0.148139, 1
(667.452051, 568.006487), (671.889504, 652.029977), 0.054975, 0.095113, 1
(660.796435, 570.917714), (661.931719, 655.050638), 0.045069, 0.193745, 1
(654.031656, 573.565397), (651.863021, 657.678029), 0.008364, 0.178475, 1
(647.168144, 575.945456), (641.698935, 659.908099), 0.124639, 0.088775, 1
(640.216483, 578.054219), (631.455133, 661.737410), 0.012035, 0.043573, 1
(633.187392, 579.888435), (621.147410, 663.163141), 0.065079, 0.093359, 1
(626.091710, 581.445277), (610.791660, 664.183093), 0.107343, 0.054544, 1
(618.940376, 582.722343), (600.403851, 664.795695), 0.155068, 0.146054, 1
(611.744419, 583.717665), (590.000000, 665.000000), 0.120126, 0.051610, 1
(604.514933, 584.429707), (579.596149, 664.795695), 0.110686, 0.063358, 1
(597.263066, 584.857372), (569.208340, 664.183093), 0.174256, 0.138524, 1
(590.000000, 585.000000), (558.852590, 663.163141), 0.187444, 0.006040, 1
(582.736934, 584.857372), (548.544867, 661.737410), 0.103108, 0.037002, 1
(575.485067, 584.429707), (538.301065, 659.908099), 0.164715, 0.170825, 1
(568.255581, 583.717665), (528.136979, 657.678029), 0.030300, 0.089541, 1
(561.059624, 582.722343), (518.068281, 655.050638), 0.014850, 0.049375, 1
(553.908290, 581.445277), (508.110496, 652.029977), 0.193069, 0.028863, 1
(546.812608, 579.888435), (498.278980, 648.620704), 0.036268, 0.004089, 1
(539.783517, 578.054219), (488.588890, 644.828076), 0.111043, 0.047402, 1
(532.831856, 575.945456), (479.055170, 640.657941), 0.122577, 0.029357, 1
(525.968344, 573.565397), (469.692518, 636.116729), 0.074159, 0.177148, 1
(519.203565, 570.917714), (460.515371, 631.211442), 0.062948, 0.073395, 1
(512.547949, 568.006487), (451.537880, 625.949644), 0.047344, 0.145242, 1
(506.011758, 564.836207), (442.773888, 620.339447), 0.176536, 0.022335, 1
(499.605070, 561.411761), (434.236908, 614.389504), 0.072042, 0.140240, 1
(493.337766, 557.738430), (425.940103, 608.108987), 0.128284, 0.181073, 1
(487.219507, 553.821878), (417.896267, 601.507581), 0.003271, 0.070691, 1
(481.259728, 549.668144), (410.117802, 594.595465), 0.041692, 0.086326, 1
(475.467619, 545.283632), (402.616703, 587.383297), 0.080242, 0.098804, 1
(469.852111, 540.675104), (395.404535, 579.882198), 0.135268, 0.108475, 1
(464.421862, 535.849664), (388.492419, 572.103733), 0.078428, 0.079539, 1
(459.185245, 530.814755), (381.891013, 564.059897), 0.130750, 0.167427, 1
(454.150336, 525.578138), (375.610496, 555.763092), 0.147882, 0.142237, 1
(449.324896, 520.147889), (369.660553, 547.226112), 0.045246, 0.079235, 1
(444.716368, 514.532381), (364.050356, 538.462120), 0.091917, 0.163525, 1
(440.331856, 508.740272), (358.788558, 529.484629), 0.173198, 0.058242, 1
(436.178122, 502.780493), (353.883271, 520.307482), 0.077848, 0.188774, 1
(432.261570, 496.662234), (349.342059, 510.944830), 0.014188, 0.118575, 1
(428.588239, 490.394930), (345.171924, 501.411110), 0.011536, 0.180580, 1
(425.163793, 483.988242), (341.379296, 491.721020), 0.019741, 0.137963, 1
(421.993513, 477.452051), (337.970023, 481.889504), 0.120159, 0.040370, 1
(419.082286, 470.796435), (334.949362, 471.931719), 0.124663, 0.172916, 1
(416.434603, 464.031656), (332.321971, 461.863021), 0.104021, 0.131205, 1
(414.054544, 457.168144), (330.091901, 451.698935), 0.106952, 0.161492, 1
(411.945781, 450.216483), (328.262590, 441.455133), 0.178706, 0.150669, 1
(410.111565, 443.187392), (326.836859, 431.147410), 0.036141, 0.097247, 1
(408.554723, 436.091710), (325.816907, 420.791660), 0.013694, 0.019609, 1
(407.277657, 428.940376), (325.204305, 410.403851), 0.098743, 0.029837, 1
(406.282335, 421.744419), (325.000000, 400.000000), 0.172849, 0.117846, 1
(405.570293, 414.514933), (325.204305, 389.596149), 0.092363, 0.199963, 1
(405.142628, 407.263066), (325.816907, 379.208340), 0.065964, 0.145809, 1
(405.000000, 400.000000), (326.836859, 368.852590), 0.010855, 0.128929, 1
(405.142628, 392.736934), (328.262590, 358.544867), 0.190530, 0.142613, 1
(405.570293, 385.485067), (330.091901, 348.301065), 0.118430, 0.095408, 1
(406.282335, 378.255581), (332.321971, 338.136979), 0.033937, 0.187870, 1
(407.277657, 371.059624), (334.949362, 328.068281), 0.068105, 0.169288, 1
(408.554723, 363.908290), (337.970023, 318.110496), 0.070579, 0.007780, 1
(410.111565, 356.812608), (341.379296, 308.278980), 0.108592, 0.037927, 1
(411.945781, 349.783517), (345.171924, 298.588890), 0.059689, 0.196884, 1
(414.054544, 342.831856), (349.342059, 289.055170), 0.041536, 0.005474, 1
(416.434603, 335.968344), (353.883271, 279.692518), 0.040755, 0.004031, 1
(419.082286, 329.203565), (358.788558, 270.515371), 0.092721, 0.007236, 1
(421.993513, 322.547949), (364.050356, 261.537880), 0.085734, 0.011991, 1
(425.163793, 316.011758), (369.660553, 252.773888), 0.194948, 0.042471, 1
(428.588239, 309.605070), (375.610496, 244.236908), 0.045627, 0.178941, 1
(432.261570, 303.337766), (381.891013, 235.940103), 0.050424, 0.086698, 1
(436.178122, 297.219507), (388.492419, 227.896267), 0.047502, 0.081508, 1
(440.331856, 291.259728), (395.404535, 220.117802), 0.108365, 0.114046, 1
(444.716368, 285.467619), (402.616703, 212.616703), 0.110924, 0.067117, 1
(449.324896, 279.852111), (410.117802, 205.404535), 0.028349, 0.049099, 1
(454.150336, 274.421862), (417.896267, 198.492419), 0.036307, 0.197855, 1
(459.185245, 269.185245), (425.940103, 191.891013), 0.011231, 0.080958, 1
(464.421862, 264.150336), (434.236908, 185.610496), 0.020224, 0.068580, 1
(469.852111, 259.324896), (442.773888, 179.660553), 0.014971, 0.094515, 1
(475.467619, 254.716368), (451.537880, 174.050356), 0.065347, 0.123748, 1
(481.259728, 250.331856), (460.515371, 168.788558), 0.123658, 0.052608, 1
(487.219507, 246.178122), (469.692518, 163.883271), 0.165344, 0.076170, 1
(493.337766, 242.261570), (479.055170, 159.342059), 0.083474, 0.034089, 1
(499.605070, 238.588239), (488.588890, 155.171924), 0.063783, 0.090285, 1
(506.011758, 235.163793), (498.278980, 151.379296), 0.088316, 0.016125, 1
(512.547949, 231.993513), (508.110496, 147.970023), 0.144245, 0.042800, 1
(519.203565, 229.082286), (518.068281, 144.949362), 0.088928, 0.056510, 1
(525.968344, 226.434603), (528.136979, 142.321971), 0.046422, 0.047368, 1
(532.831856, 224.054544), (538.301065, 140.091901), 0.086440, 0.186135, 1
(539.783517, 221.945781), (548.544867, 138.262590), 0.117954, 0.191454, 1
(546.812608, 220.111565), (558.852590, 136.836859), 0.123611, 0.045816, 1
(553.908290, 218.554723), (569.208340, 135.816907), 0.033309, 0.162004, 1
(561.059624, 217.277657), (579.596149, 135.204305), 0.190166, 0.193351, 1
(568.255581, 216.282335), (590.000000, 135.000000), 0.085932, 0.001933, 1
(575.485067, 215.570293), (600.403851, 135.204305), 0.149347, 0.069593, 1
(582.736934, 215.142628), (610.791660, 135.816907), 0.122311, 0.125492, 1
(590.000000, 215.000000), (621.147410, 136.836859), 0.034792, 0.138094, 1
(597.263066, 215.142628), (631.455133, 138.262590), 0.106047, 0.192155, 1
(604.514933, 215.570293), (641.698935, 140.091901), 0.089562, 0.057877, 1
(611.744419, 216.282335), (651.863021, 142.321971), 0.008309, 0.142749, 1
(618.940376, 217.277657), (661.931719, 144.949362), 0.096946, 0.107710, 1
(626.091710, 218.554723), (671.889504, 147.970023), 0.014260, 0.057357, 1
(633.187392, 220.111565), (681.721020, 151.379296), 0.184572, 0.089627, 1
(640.216483, 221.945781), (691.411110, 155.171924), 0.040416, 0.098422, 1
(647.168144, 224.054544), (700.944830, 159.342059), 0.024240, 0.116663, 1
(654.031656, 226.434603), (710.307482, 163.883271), 0.160271, 0.143962, 1
(660.796435, 229.082286), (719.484629, 168.788558), 0.052285, 0.122998, 1
(667.452051, 231.993513), (728.462120, 174.050356), 0.059150, 0.138392, 1
(673.988242, 235.163793), (737.226112, 179.660553), 0.083290, 0.053409, 1
(680.394930, 238.588239), (745.763092, 185.610496), 0.046112, 0.027294, 1
(686.662234, 242.261570), (754.059897, 191.891013), 0.062664, 0.070628, 1
(692.780493, 246.178122), (762.103733, 198.492419), 0.023748, 0.017207, 1
(698.740272, 250.331856), (769.882198, 205.404535), 0.090631, 0.185970, 1
(704.532381, 254.716368), (777.383297, 212.616703), 0.198570, 0.121585, 1
(710.147889, 259.324896), (784.595465, 220.117802), 0.079361, 0.131552, 1
(715.578138, 264.150336), (791.507581, 227.896267), 0.197199, 0.196871, 1
(720.814755, 269.185245), (798.108987, 235.940103), 0.037735, 0.086153, 1
(725.849664, 274.421862), (804.389504, 244.236908), 0.049549, 0.000421, 1
(730.675104, 279.852111), (810.339447, 252.773888), 0.057642, 0.111462, 1
(735.283632, 285.467619), (815.949644, 261.537880), 0.048710, 0.037783, 1
(739.668144, 291.259728), (821.211442, 270.515371), 0.161449, 0.074297, 1
(743.821878, 297.219507), (826.116729, 279.692518), 0.111751, 0.101371, 1
(747.738430, 303.337766), (830.657941, 289.055170), 0.114074, 0.150850, 1
(751.411761, 309.605070), (834.828076, 298.588890), 0.117389, 0.053425, 1
(754.836207, 316.011758), (838.620704, 308.278980), 0.121417, 0.107455, 1
(758.006487, 322.547949), (842.029977, 318.110496), 0.082971, 0.179480, 1
(760.917714, 329.203565), (845.050638, 328.068281), 0.085243, 0.078088, 1
(763.565397, 335.968344), (847.678029, 338.136979), 0.025076, 0.130568, 1
(765.945456, 342.831856), (849.908099, 348.301065), 0.112389, 0.016516, 1
(768.054219, 349.783517), (851.737410, 358.544867), 0.003327, 0.036276, 1
(769.888435, 356.812608), (853.163141, 368.852590), 0.069052, 0.122365, 1
(771.445277, 363.908290), (854.183093, 379.208340), 0.162680, 0.151758, 1
(772.722343, 371.059624), (854.795695, 389.596149), 0.071839, 0.170220, 1
(773.717665, 378.255581), (855.000000, 400.000000), 0.022850, 0.197252, 1
(774.429707, 385.485067), (854.795695, 410.403851), 0.015150, 0.135861, 1
(774.857372, 392.736934), (854.183093, 420.791660), 0.151108, 0.104993, 1
(775.000000, 400.000000), (853.163141, 431.147410), 0.003387, 0.047428, 1
(854.838569, 409.248367), (944.135238, 375.236452), 0.144670, 0.118290, 0
(854.354473, 418.485466), (944.783744, 387.610679), 0.137435, 0.144098, 0
(853.548302, 427.700043), (945.000000, 400.000000), 0.017375, 0.099302, 0
(852.421038, 436.880872), (944.783744, 412.389321), 0.091937, 0.169393, 0
(850.974055, 446.016767), (944.135238, 424.763548), 0.171548, 0.186050, 0
(849.209114, 455.096598), (943.055273, 437.107604), 0.196411, 0.022047, 0
(847.128367, 464.109302), (941.545164, 449.406451), 0.165457, 0.186639, 0
(844.734349, 473.043899), (939.606752, 461.645103), 0.193706, 0.093371, 0
(842.029977, 481.889504), (937.242398, 473.808650), 0.135660, 0.141757, 0
(839.018545, 490.635338), (934.454983, 485.882273), 0.087944, 0.105062, 0
(835.703721, 499.270747), (931.247902, 497.851261), 0.169850, 0.017568, 0
(832.089546, 507.785210), (927.625063, 509.701033), 0.034104, 0.080570, 0
(828.180422, 516.168354), (923.590880, 521.417151), 0.048203, 0.161054, 0
(823.981112, 524.409964), (919.150268, 532.985341), 0.122883, 0.138737, 0
(819.496732, 532.500000), (914.308637, 544.391508), 0.194623, 0.167427, 0
(814.732745, 540.428605), (909.071886, 555.621757), 0.014606, 0.001335, 0
(809.694957, 548.186119), (903.446395, 566.662405), 0.036391, 0.178486, 0
(804.389504, 555.763092), (897.439018, 577.500000), 0.130142, 0.066381, 0
(798.822850, 563.150291), (891.057074, 588.121339), 0.025587, 0.089171, 0
(793.001777, 570.338717), (884.308338, 598.513481), 0.067325, 0.135123, 0
(786.933379, 577.319611), (877.201033, 608.663765), 0.017113, 0.199502, 0
(780.625047, 584.084468), (869.743818, 618.559824), 0.141806, 0.063496, 0
(774.084468, 590.625047), (861.945777, 628.189601), 0.036907, 0.075905, 0
(767.319611, 596.933379), (853.816413, 637.541365), 0.050441, 0.098701, 0
(760.338717, 603.001777), (845.365629, 646.603722), 0.069227, 0.039408, 0
(753.150291, 608.822850), (836.603722, 655.365629), 0.198406, 0.192827, 0
(745.763092, 614.389504), (827.541365, 663.816413), 0.111066, 0.009041, 0
(738.186119, 619.694957), (818.189601, 671.945777), 0.046887, 0.063196, 0
(730.428605, 624.732745), (808.559824, 679.743818), 0.044557, 0.141920, 0
(722.500000, 629.496732), (798.663765, 687.201033), 0.086017, 0.016725, 0
(714.409964, 633.981112), (788.513481, 694.308338), 0.029065, 0.056130, 0
(706.168354, 638.180422), (778.121339, 701.057074), 0.000012, 0.016283, 0
(697.785210, 642.089546), (767.500000, 707.439018), 0.033550, 0.101180, 0
(689.270747, 645.703721), (756.662405, 713.446395), 0.181687, 0.121172, 0
(680.635338, 649.018545), (745.621757, 719.071886), 0.031721, 0.185547, 0
(671.889504, 652.029977), (734.391508, 724.308637), 0.119730, 0.018585, 0
(663.043899, 654.734349), (722.985341, 729.150268), 0.192583, 0.064361, 0
(654.109302, 657.128367), (711.417151, 733.590880), 0.002528, 0.183319, 0
(645.096598, 659.209114), (699.701033, 737.625063), 0.182160, 0.116940, 0
(636.016767, 660.974055), (687.851261, 741.247902), 0.172170, 0.087465, 0
(626.880872, 662.421038), (675.882273, 744.454983), 0.134469, 0.032696, 0
(617.700043, 663.548302), (663.808650, 747.242398), 0.112841, 0.182068, 0
(608.485466, 664.354473), (651.645103, 749.606752), 0.090504, 0.193814, 0
(599.248367, 664.838569), (639.406451, 751.545164), 0.065697, 0.084284, 0
(590.000000, 665.000000), (627.107604, 753.055273), 0.144699, 0.101015, 0
(580.751633, 664.838569), (614.763548, 754.135238), 0.149451, 0.152653, 0
(571.514534, 664.354473), (602.389321, 754.783744), 0.017784, 0.040597, 0
(562.299957, 663.548302), (590.000000, 755.000000), 0.159445, 0.165146, 0
(553.119128, 662.421038), (577.610679, 754.783744), 0.174032, 0.008094, 0
(543.983233, 660.974055), (565.236452, 754.135238), 0.003357, 0.111142, 0
(534.903402, 659.209114), (552.892396, 753.055273), 0.041408, 0.189208, 0
(525.890698, 657.128367), (540.593549, 751.545164), 0.161310, 0.087738, 0
(516.956101, 654.734349), (528.354897, 749.606752), 0.038226, 0.168385, 0
(508.110496, 652.029977), (516.191350, 747.242398), 0.051118, 0.195782, 0
(499.364662, 649.018545), (504.117727, 744.454983), 0.124453, 0.084954, 0
(490.729253, 645.703721), (492.148739, 741.247902), 0.157541, 0.059004, 0
(482.214790, 642.089546), (480.298967, 737.625063), 0.077947, 0.144412, 0
(473.831646, 638.180422), (468.582849, 733.590880), 0.145187, 0.032024, 0
(465.590036, 633.981112), (457.014659, 729.150268), 0.005674, 0.100676, 0
(457.500000, 629.496732), (445.608492, 724.308637), 0.121071, 0.148502, 0
(449.571395, 624.732745), (434.378243, 719.071886), 0.131285, 0.041028, 0
(441.813881, 619.694957), (423.337595, 713.446395), 0.177924, 0.124788, 0
(434.236908, 614.389504), (412.500000, 707.439018), 0.135078, 0.193448, 0
(426.849709, 608.822850), (401.878661, 701.057074), 0.176000, 0.080267, 0
(419.661283, 603.001777), (391.486519, 694.308338), 0.150291, 0.052718, 0
(412.680389, 596.933379), (381.336235, 687.201033), 0.012976, 0.038378, 0
(405.915532, 590.625047), (371.440176, 679.743818), 0.182253, 0.159811, 0
(399.374953, 584.084468), (361.810399, 671.945777), 0.020685, 0.070857, 0
(393.066621, 577.319611), (352.458635, 663.816413), 0.064862, 0.094450, 0
(386.998223, 570.338717), (343.396278, 655.365629), 0.160680, 0.112638, 0
(381.177150, 563.150291), (334.634371, 646.603722), 0.086073, 0.042762, 0
(375.610496, 555.763092), (326.183587, 637.541365), 0.012650, 0.039097, 0
(370.305043, 548.186119), (318.054223, 628.189601), 0.176111, 0.041583, 0
(365.267255, 540.428605), (310.256182, 618.559824), 0.004531, 0.018287, 0
(360.503268, 532.500000), (302.798967, 608.663765), 0.086481, 0.015456, 0
(356.018888, 524.409964), (295.691662, 598.513481), 0.158223, 0.126981, 0
(351.819578, 516.168354), (288.942926, 588.121339), 0.138818, 0.026164, 0
(347.910454, 507.785210), (282.560982, 577.500000), 0.102708, 0.169855, 0
(344.296279, 499.270747), (276.553605, 566.662405), 0.131507, 0.161147, 0
(340.981455, 490.635338), (270.928114, 555.621757), 0.157486, 0.074193, 0
(337.970023, 481.889504), (265.691363, 544.391508), 0.174687, 0.014067, 0
(335.265651, 473.043899), (260.849732, 532.985341), 0.005799, 0.153942, 0
(332.871633, 464.109302), (256.409120, 521.417151), 0.198439, 0.149128, 0
(330.790886, 455.096598), (252.374937, 509.701033), 0.114018, 0.051050, 0
(329.025945, 446.016767), (248.752098, 497.851261), 0.063054, 0.009417, 0
(327.578962, 436.880872), (245.545017, 485.882273), 0.192277, 0.106588, 0
(326.451698, 427.700043), (242.757602, 473.808650), 0.015693, 0.022749, 0
(325.645527, 418.485466), (240.393248, 461.645103), 0.130263, 0.137701, 0
(325.161431, 409.248367), (238.454836, 449.406451), 0.195788, 0.061618, 0
(325.000000, 400.000000), (236.944727, 437.107604), 0.165379, 0.159797, 0
(325.161431, 390.751633), (235.864762, 424.763548), 0.018986, 0.071869, 0
(325.645527, 381.514534), (235.216256, 412.389321), 0.184973, 0.169057, 0
(326.451698, 372.299957), (235.000000, 400.000000), 0.018066, 0.044296, 0
(327.578962, 363.119128), (235.216256, 387.610679), 0.070721, 0.003107, 0
(329.025945, 353.983233), (235.864762, 375.236452), 0.074844, 0.033808, 0
(330.790886, 344.903402), (236.944727, 362.892396), 0.012795, 0.180625, 0
(332.871633, 335.890698), (238.454836, 350.593549), 0.059928, 0.008109, 0
(335.265651, 326.956101), (240.393248, 338.354897), 0.072943, 0.146836, 0
(337.970023, 318.110496), (242.757602, 326.191350), 0.078701, 0.143115, 0
(340.981455, 309.364662), (245.545017, 314.117727), 0.087767, 0.099606, 0
(344.296279, 300.729253), (248.752098, 302.148739), 0.063503, 0.083961, 0
(347.910454, 292.214790), (252.374937, 290.298967), 0.043271, 0.029432, 0
(351.819578, 283.831646), (256.409120, 278.582849), 0.018870, 0.181656, 0
(356.018888, 275.590036), (260.849732, 267.014659), 0.087374, 0.143612, 0
(360.503268, 267.500000), (265.691363, 255.608492), 0.073266, 0.174059, 0
(365.267255, 259.571395), (270.928114, 244.378243), 0.126945, 0.173950, 0
(370.305043, 251.813881), (276.553605, 233.337595), 0.029911, 0.118503, 0
(375.610496, 244.236908), (282.560982, 222.500000), 0.115338, 0.161355, 0
(381.177150, 236.849709), (288.942926, 211.878661), 0.175808, 0.031002, 0
(386.998223, 229.661283), (295.691662, 201.486519), 0.095934, 0.144549, 0
(393.066621, 222.680389), (302.798967, 191.336235), 0.151857, 0.093295, 0
(399.374953, 215.915532), (310.256182, 181.440176), 0.183325, 0.089563, 0
(405.915532, 209.374953), (318.054223, 171.810399), 0.136479, 0.067791, 0
(412.680389, 203.066621), (326.183587, 162.458635), 0.067078, 0.174893, 0
(419.661283, 196.998223), (334.634371, 153.396278), 0.058463, 0.129320, 0
(426.849709, 191.177150), (343.396278, 144.634371), 0.072388, 0.109849, 0
(434.236908, 185.610496), (352.458635, 136.183587), 0.144159, 0.193803, 0
(441.813881, 180.305043), (361.810399, 128.054223), 0.062746, 0.007440, 0
(449.571395, 175.267255), (371.440176, 120.256182), 0.032856, 0.031862, 0
(457.500000, 170.503268), (381.336235, 112.798967), 0.071491, 0.072809, 0
(465.590036, 166.018888), (391.486519, 105.691662), 0.100686, 0.045002, 0
(473.831646, 161.819578), (401.878661, 98.942926), 0.068687, 0.182474, 0
(482.214790, 157.910454), (412.500000, 92.560982), 0.185071, 0.168549, 0
(490.729253, 154.296279), (423.337595, 86.553605), 0.114329, 0.084404, 0
(499.364662, 150.981455), (434.378243, 80.928114), 0.114899, 0.127056, 0
(508.110496, 147.970023), (445.608492, 75.691363), 0.138244, 0.167412, 0
(516.956101, 145.265651), (457.014659, 70.849732), 0.036659, 0.074060, 0
(525.890698, 142.871633), (468.582849, 66.409120), 0.029600, 0.058907, 0
(534.903402, 140.790886), (480.298967, 62.374937), 0.099338, 0.070705, 0
(543.983233, 139.025945), (492.148739, 58.752098), 0.064981, 0.074567, 0
(553.119128, 137.578962), (504.117727, 55.545017), 0.087842, 0.020707, 0
(562.299957, 136.451698), (516.191350, 52.757602), 0.109459, 0.162598, 0
(571.514534, 135.645527), (528.354897, 50.393248), 0.037020, 0.157042, 0
(580.751633, 135.161431), (540.593549, 48.454836), 0.153570, 0.031296, 0
(590.000000, 135.000000), (552.892396, 46.944727), 0.155349, 0.106992, 0
(599.248367, 135.161431), (565.236452, 45.864762), 0.105592, 0.014971, 0
(608.485466, 135.645527), (577.610679, 45.216256), 0.155023, 0.021849, 0
(617.700043, 136.451698), (590.000000, 45.000000), 0.017993, 0.041602, 0
(626.880872, 137.578962), (602.389321, 45.216256), 0.157509, 0.008688, 0
(636.016767, 139.025945), (614.763548, 45.864762), 0.007803, 0.027142, 0
(645.096598, 140.790886), (627.107604, 46.944727), 0.010518, 0.137937, 0
(654.109302, 142.871633), (639.406451, 48.454836), 0.155642, 0.008013, 0
(663.043899, 145.265651), (651.645103, 50.393248), 0.064510, 0.083515, 0
(671.889504, 147.970023), (663.808650, 52.757602), 0.082459, 0.180535, 0
(680.635338, 150.981455), (675.882273, 55.545017), 0.099293, 0.084941, 0
(689.270747, 154.296279), (687.851261, 58.752098), 0.058270, 0.120897, 0
(697.785210, 157.910454), (699.701033, 62.374937), 0.059664, 0.159287, 0
(706.168354, 161.819578), (711.417151, 66.409120), 0.089631, 0.092863, 0
(714.409964, 166.018888), (722.985341, 70.849732), 0.181376, 0.117375, 0
(722.500000, 170.503268), (734.391508, 75.691363), 0.159577, 0.054069, 0
(730.428605, 175.267255), (745.621757, 80.928114), 0.066466, 0.138199, 0
(738.186119, 180.305043), (756.662405, 86.553605), 0.170304, 0.029595, 0
(745.763092, 185.610496), (767.500000, 92.560982), 0.159592, 0.030892, 0
(753.150291, 191.177150), (778.121339, 98.942926), 0.037336, 0.068603, 0
(760.338717, 196.998223), (788.513481, 105.691662), 0.059258, 0.006004, 0
(767.319611, 203.066621), (798.663765, 112.798967), 0.163646, 0.188067, 0
(774.084468, 209.374953), (808.559824, 120.256182), 0.100925, 0.088598, 0
(780.625047, 215.915532), (818.189601, 128.054223), 0.096891, 0.140814, 0
(786.933379, 222.680389), (827.541365, 136.183587), 0.179540, 0.137515, 0
(793.001777, 229.661283), (836.603722, 144.634371), 0.063902, 0.181111, 0
(798.822850, 236.849709), (845.365629, 153.396278), 0.080258, 0.031996, 0
(804.389504, 244.236908), (853.816413, 162.458635), 0.068828, 0.118946, 0
(809.694957, 251.813881), (861.945777, 171.810399), 0.139507, 0.045722, 0
(814.732745, 259.571395), (869.743818, 181.440176), 0.135861, 0.143609, 0
(819.496732, 267.500000), (877.201033, 191.336235), 0.173818, 0.131996, 0
(823.981112, 275.590036), (884.308338, 201.486519), 0.022667, 0.158682, 0
(828.180422, 283.831646), (891.057074, 211.878661), 0.145766, 0.058785, 0
(832.089546, 292.214790), (897.439018, 222.500000), 0.002718, 0.020778, 0
(835.703721, 300.729253), (903.446395, 233.337595), 0.105102, 0.065723, 0
(839.018545, 309.364662), (909.071886, 244.378243), 0.183968, 0.104717, 0
(842.029977, 318.110496), (914.308637, 255.608492), 0.092238, 0.120286, 0
(844.734349, 326.956101), (919.150268, 267.014659), 0.195462, 0.144712, 0
(847.128367, 335.890698), (923.590880, 278.582849), 0.186304, 0.086458, 0
(849.209114, 344.903402), (927.625063, 290.298967), 0.173900, 0.049026, 0
(850.974055, 353.983233), (931.247902, 302.148739), 0.115370, 0.002262, 0
(852.421038, 363.119128), (934.454983, 314.117727), 0.025488, 0.092184, 0
(853.548302, 372.299957), (937.242398, 326.191350), 0.024738, 0.085535, 0
(854.354473, 381.514534), (939.606752, 338.354897), 0.062120, 0.086530, 0
(854.838569, 390.751633), (941.545164, 350.593549), 0.086346, 0.180413, 0
(855.000000, 400.000000), (943.055273, 362.892396), 0.183947, 0.161871, 0
