500
(930.000000,400.000000), (910.000000,400.000000), -3.000000, -0.000000, 0
(929.973155,404.272454), (909.974734,404.021133), -2.999763, -0.037698, 0
(929.892624,408.544232), (909.898941,408.041631), -2.999053, -0.075390, 0
(929.758421,412.814662), (909.772631,412.060858), -2.997868, -0.113071, 0
(929.570565,417.083068), (909.595826,416.078182), -2.996211, -0.150733, 0
(929.329088,421.348777), (909.368553,420.092966), -2.994080, -0.188372, 0
(929.034026,425.611114), (909.090848,424.104578), -2.991477, -0.225980, 0
(928.685427,429.869407), (908.762755,428.112383), -2.988401, -0.263554, 0
(928.283346,434.122983), (908.384325,432.115749), -2.984853, -0.301085, 0
(927.827846,438.371171), (907.955619,436.114043), -2.980834, -0.338569, 0
(927.318998,442.613299), (907.476704,440.106635), -2.976344, -0.376000, 0
(926.756885,446.848699), (906.947656,444.092893), -2.971384, -0.413371, 0
(926.141593,451.076700), (906.368558,448.072189), -2.965955, -0.450677, 0
(925.473221,455.296636), (905.739502,452.043893), -2.960058, -0.487911, 0
(924.751874,459.507840), (905.060587,456.007379), -2.953693, -0.525069, 0
(923.977665,463.709647), (904.331920,459.962021), -2.946862, -0.562144, 0
(923.150718,467.901393), (903.553617,463.907194), -2.939565, -0.599130, 0
(922.271162,472.082417), (902.725800,467.842275), -2.931804, -0.636021, 0
(921.339137,476.252059), (901.848599,471.766644), -2.923581, -0.672812, 0
(920.354789,480.409659), (900.922155,475.679679), -2.914895, -0.709497, 0
(919.318275,484.554562), (899.946612,479.580764), -2.905749, -0.746070, 0
(918.229757,488.686112), (898.922124,483.469282), -2.896145, -0.782525, 0
(917.089408,492.803658), (897.848855,487.344619), -2.886083, -0.818856, 0
(915.897408,496.906549), (896.726972,491.206164), -2.875565, -0.855058, 0
(914.653945,500.994138), (895.556654,495.053306), -2.864594, -0.891125, 0
(913.359216,505.065778), (894.338085,498.885438), -2.853170, -0.927051, 0
(912.013424,509.120827), (893.071458,502.701955), -2.841295, -0.962831, 0
(910.616782,513.158645), (891.756971,506.502254), -2.828972, -0.998459, 0
(909.169512,517.178594), (890.394834,510.285735), -2.816202, -1.033929, 0
(907.671840,521.180039), (888.985262,514.051801), -2.802987, -1.069236, 0
(906.124005,525.162348), (887.528475,517.799857), -2.789329, -1.104374, 0
(904.526250,529.124892), (886.024706,521.529311), -2.775232, -1.139337, 0
(902.878828,533.067047), (884.474191,525.239573), -2.760696, -1.174121, 0
(901.181999,536.988188), (882.877175,528.930059), -2.745724, -1.208719, 0
(899.436030,540.887698), (881.233911,532.600186), -2.730318, -1.243127, 0
(897.641198,544.764959), (879.544657,536.249373), -2.714481, -1.277338, 0
(895.797786,548.619361), (877.809681,539.877045), -2.698216, -1.311347, 0
(893.906084,552.450293), (876.029256,543.482629), -2.681524, -1.345150, 0
(891.966393,556.257153), (874.203664,547.065555), -2.664409, -1.378740, 0
(889.979017,560.039337), (872.333192,550.625258), -2.646874, -1.412112, 0
(887.944271,563.796249), (870.418138,554.161176), -2.628920, -1.445261, 0
(885.862477,567.527296), (868.458801,557.672749), -2.610551, -1.478182, 0
(883.733962,571.231889), (866.455494,561.159425), -2.591770, -1.510870, 0
(881.559063,574.909441), (864.408530,564.620651), -2.572580, -1.543319, 0
(879.338124,578.559374), (862.318234,568.055882), -2.552983, -1.575524, 0
(877.071495,582.181110), (860.184936,571.464574), -2.532984, -1.607480, 0
(874.759534,585.774078), (858.008973,574.846191), -2.512584, -1.639183, 0
(872.402606,589.337710), (855.790688,578.200197), -2.491788, -1.670627, 0
(870.001083,592.871443), (853.530431,581.526064), -2.470598, -1.701807, 0
(867.555345,596.374719), (851.228560,584.823265), -2.449018, -1.732718, 0
(865.065778,599.846986), (848.885438,588.091281), -2.427051, -1.763356, 0
(862.532775,603.287694), (846.501435,591.329595), -2.404701, -1.793715, 0
(859.956736,606.696301), (844.076928,594.537695), -2.381971, -1.823791, 0
(857.338067,610.072268), (841.612298,597.715076), -2.358865, -1.853579, 0
(854.677183,613.415063), (839.107937,600.861236), -2.335387, -1.883074, 0
(851.974503,616.724157), (836.564238,603.975677), -2.311540, -1.912272, 0
(849.230454,619.999027), (833.981604,607.057908), -2.287328, -1.941168, 0
(846.445469,623.239157), (831.360442,610.107442), -2.262754, -1.969757, 0
(843.619989,626.444035), (828.701167,613.123798), -2.237823, -1.998036, 0
(840.754460,629.613155), (826.004198,616.106499), -2.212539, -2.025998, 0
(837.849333,632.746016), (823.269961,619.055074), -2.186906, -2.053641, 0
(834.905068,635.842124), (820.498888,621.969058), -2.160927, -2.080960, 0
(831.922130,638.900990), (817.691417,624.847990), -2.134607, -2.107950, 0
(828.900990,641.922130), (814.847990,627.691417), -2.107950, -2.134607, 0
(825.842124,644.905068), (811.969058,630.498888), -2.080960, -2.160927, 0
(822.746016,647.849333), (809.055074,633.269961), -2.053641, -2.186906, 0
(819.613155,650.754460), (806.106499,636.004198), -2.025998, -2.212539, 0
(816.444035,653.619989), (803.123798,638.701167), -1.998036, -2.237823, 0
(813.239157,656.445469), (800.107442,641.360442), -1.969757, -2.262754, 0
(809.999027,659.230454), (797.057908,643.981604), -1.941168, -2.287328, 0
(806.724157,661.974503), (793.975677,646.564238), -1.912272, -2.311540, 0
(803.415063,664.677183), (790.861236,649.107937), -1.883074, -2.335387, 0
(800.072268,667.338067), (787.715076,651.612298), -1.853579, -2.358865, 0
(796.696301,669.956736), (784.537695,654.076928), -1.823791, -2.381971, 0
(793.287694,672.532775), (781.329595,656.501435), -1.793715, -2.404701, 0
(789.846986,675.065778), (778.091281,658.885438), -1.763356, -2.427051, 0
(786.374719,677.555345), (774.823265,661.228560), -1.732718, -2.449018, 0
(782.871443,680.001083), (771.526064,663.530431), -1.701807, -2.470598, 0
(779.337710,682.402606), (768.200197,665.790688), -1.670627, -2.491788, 0
(775.774078,684.759534), (764.846191,668.008973), -1.639183, -2.512584, 0
(772.181110,687.071495), (761.464574,670.184936), -1.607480, -2.532984, 0
(768.559374,689.338124), (758.055882,672.318234), -1.575524, -2.552983, 0
(764.909441,691.559063), (754.620651,674.408530), -1.543319, -2.572580, 0
(761.231889,693.733962), (751.159425,676.455494), -1.510870, -2.591770, 0
(757.527296,695.862477), (747.672749,678.458801), -1.478182, -2.610551, 0
(753.796249,697.944271), (744.161176,680.418138), -1.445261, -2.628920, 0
(750.039337,699.979017), (740.625258,682.333192), -1.412112, -2.646874, 0
(746.257153,701.966393), (737.065555,684.203664), -1.378740, -2.664409, 0
(742.450293,703.906084), (733.482629,686.029256), -1.345150, -2.681524, 0
(738.619361,705.797786), (729.877045,687.809681), -1.311347, -2.698216, 0
(734.764959,707.641198), (726.249373,689.544657), -1.277338, -2.714481, 0
(730.887698,709.436030), (722.600186,691.233911), -1.243127, -2.730318, 0
(726.988188,711.181999), (718.930059,692.877175), -1.208719, -2.745724, 0
(723.067047,712.878828), (715.239573,694.474191), -1.174121, -2.760696, 0
(719.124892,714.526250), (711.529311,696.024706), -1.139337, -2.775232, 0
(715.162348,716.124005), (707.799857,697.528475), -1.104374, -2.789329, 0
(711.180039,717.671840), (704.051801,698.985262), -1.069236, -2.802987, 0
(707.178594,719.169512), (700.285735,700.394834), -1.033929, -2.816202, 0
(703.158645,720.616782), (696.502254,701.756971), -0.998459, -2.828972, 0
(699.120827,722.013424), (692.701955,703.071458), -0.962831, -2.841295, 0
(695.065778,723.359216), (688.885438,704.338085), -0.927051, -2.853170, 0
(690.994138,724.653945), (685.053306,705.556654), -0.891125, -2.864594, 0
(686.906549,725.897408), (681.206164,706.726972), -0.855058, -2.875565, 0
(682.803658,727.089408), (677.344619,707.848855), -0.818856, -2.886083, 0
(678.686112,728.229757), (673.469282,708.922124), -0.782525, -2.896145, 0
(674.554562,729.318275), (669.580764,709.946612), -0.746070, -2.905749, 0
(670.409659,730.354789), (665.679679,710.922155), -0.709497, -2.914895, 0
(666.252059,731.339137), (661.766644,711.848599), -0.672812, -2.923581, 0
(662.082417,732.271162), (657.842275,712.725800), -0.636021, -2.931804, 0
(657.901393,733.150718), (653.907194,713.553617), -0.599130, -2.939565, 0
(653.709647,733.977665), (649.962021,714.331920), -0.562144, -2.946862, 0
(649.507840,734.751874), (646.007379,715.060587), -0.525069, -2.953693, 0
(645.296636,735.473221), (642.043893,715.739502), -0.487911, -2.960058, 0
(641.076700,736.141593), (638.072189,716.368558), -0.450677, -2.965955, 0
(636.848699,736.756885), (634.092893,716.947656), -0.413371, -2.971384, 0
(632.613299,737.318998), (630.106635,717.476704), -0.376000, -2.976344, 0
(628.371171,737.827846), (626.114043,717.955619), -0.338569, -2.980834, 0
(624.122983,738.283346), (622.115749,718.384325), -0.301085, -2.984853, 0
(619.869407,738.685427), (618.112383,718.762755), -0.263554, -2.988401, 0
(615.611114,739.034026), (614.104578,719.090848), -0.225980, -2.991477, 0
(611.348777,739.329088), (610.092966,719.368553), -0.188372, -2.994080, 0
(607.083068,739.570565), (606.078182,719.595826), -0.150733, -2.996211, 0
(602.814662,739.758421), (602.060858,719.772631), -0.113071, -2.997868, 0
(598.544232,739.892624), (598.041631,719.898941), -0.075390, -2.999053, 0
(594.272454,739.973155), (594.021133,719.974734), -0.037698, -2.999763, 0
(590.000000,740.000000), (590.000000,720.000000), -0.000000, -3.000000, 0
(585.727546,739.973155), (585.978867,719.974734), 0.037698, -2.999763, 0
(581.455768,739.892624), (581.958369,719.898941), 0.075390, -2.999053, 0
(577.185338,739.758421), (577.939142,719.772631), 0.113071, -2.997868, 0
(572.916932,739.570565), (573.921818,719.595826), 0.150733, -2.996211, 0
(568.651223,739.329088), (569.907034,719.368553), 0.188372, -2.994080, 0
(564.388886,739.034026), (565.895422,719.090848), 0.225980, -2.991477, 0
(560.130593,738.685427), (561.887617,718.762755), 0.263554, -2.988401, 0
(555.877017,738.283346), (557.884251,718.384325), 0.301085, -2.984853, 0
(551.628829,737.827846), (553.885957,717.955619), 0.338569, -2.980834, 0
(547.386701,737.318998), (549.893365,717.476704), 0.376000, -2.976344, 0
(543.151301,736.756885), (545.907107,716.947656), 0.413371, -2.971384, 0
(538.923300,736.141593), (541.927811,716.368558), 0.450677, -2.965955, 0
(534.703364,735.473221), (537.956107,715.739502), 0.487911, -2.960058, 0
(530.492160,734.751874), (533.992621,715.060587), 0.525069, -2.953693, 0
(526.290353,733.977665), (530.037979,714.331920), 0.562144, -2.946862, 0
(522.098607,733.150718), (526.092806,713.553617), 0.599130, -2.939565, 0
(517.917583,732.271162), (522.157725,712.725800), 0.636021, -2.931804, 0
(513.747941,731.339137), (518.233356,711.848599), 0.672812, -2.923581, 0
(509.590341,730.354789), (514.320321,710.922155), 0.709497, -2.914895, 0
(505.445438,729.318275), (510.419236,709.946612), 0.746070, -2.905749, 0
(501.313888,728.229757), (506.530718,708.922124), 0.782525, -2.896145, 0
(497.196342,727.089408), (502.655381,707.848855), 0.818856, -2.886083, 0
(493.093451,725.897408), (498.793836,706.726972), 0.855058, -2.875565, 0
(489.005862,724.653945), (494.946694,705.556654), 0.891125, -2.864594, 0
(484.934222,723.359216), (491.114562,704.338085), 0.927051, -2.853170, 0
(480.879173,722.013424), (487.298045,703.071458), 0.962831, -2.841295, 0
(476.841355,720.616782), (483.497746,701.756971), 0.998459, -2.828972, 0
(472.821406,719.169512), (479.714265,700.394834), 1.033929, -2.816202, 0
(468.819961,717.671840), (475.948199,698.985262), 1.069236, -2.802987, 0
(464.837652,716.124005), (472.200143,697.528475), 1.104374, -2.789329, 0
(460.875108,714.526250), (468.470689,696.024706), 1.139337, -2.775232, 0
(456.932953,712.878828), (464.760427,694.474191), 1.174121, -2.760696, 0
(453.011812,711.181999), (461.069941,692.877175), 1.208719, -2.745724, 0
(449.112302,709.436030), (457.399814,691.233911), 1.243127, -2.730318, 0
(445.235041,707.641198), (453.750627,689.544657), 1.277338, -2.714481, 0
(441.380639,705.797786), (450.122955,687.809681), 1.311347, -2.698216, 0
(437.549707,703.906084), (446.517371,686.029256), 1.345150, -2.681524, 0
(433.742847,701.966393), (442.934445,684.203664), 1.378740, -2.664409, 0
(429.960663,699.979017), (439.374742,682.333192), 1.412112, -2.646874, 0
(426.203751,697.944271), (435.838824,680.418138), 1.445261, -2.628920, 0
(422.472704,695.862477), (432.327251,678.458801), 1.478182, -2.610551, 0
(418.768111,693.733962), (428.840575,676.455494), 1.510870, -2.591770, 0
(415.090559,691.559063), (425.379349,674.408530), 1.543319, -2.572580, 0
(411.440626,689.338124), (421.944118,672.318234), 1.575524, -2.552983, 0
(407.818890,687.071495), (418.535426,670.184936), 1.607480, -2.532984, 0
(404.225922,684.759534), (415.153809,668.008973), 1.639183, -2.512584, 0
(400.662290,682.402606), (411.799803,665.790688), 1.670627, -2.491788, 0
(397.128557,680.001083), (408.473936,663.530431), 1.701807, -2.470598, 0
(393.625281,677.555345), (405.176735,661.228560), 1.732718, -2.449018, 0
(390.153014,675.065778), (401.908719,658.885438), 1.763356, -2.427051, 0
(386.712306,672.532775), (398.670405,656.501435), 1.793715, -2.404701, 0
(383.303699,669.956736), (395.462305,654.076928), 1.823791, -2.381971, 0
(379.927732,667.338067), (392.284924,651.612298), 1.853579, -2.358865, 0
(376.584937,664.677183), (389.138764,649.107937), 1.883074, -2.335387, 0
(373.275843,661.974503), (386.024323,646.564238), 1.912272, -2.311540, 0
(370.000973,659.230454), (382.942092,643.981604), 1.941168, -2.287328, 0
(366.760843,656.445469), (379.892558,641.360442), 1.969757, -2.262754, 0
(363.555965,653.619989), (376.876202,638.701167), 1.998036, -2.237823, 0
(360.386845,650.754460), (373.893501,636.004198), 2.025998, -2.212539, 0
(357.253984,647.849333), (370.944926,633.269961), 2.053641, -2.186906, 0
(354.157876,644.905068), (368.030942,630.498888), 2.080960, -2.160927, 0
(351.099010,641.922130), (365.152010,627.691417), 2.107950, -2.134607, 0
(348.077870,638.900990), (362.308583,624.847990), 2.134607, -2.107950, 0
(345.094932,635.842124), (359.501112,621.969058), 2.160927, -2.080960, 0
(342.150667,632.746016), (356.730039,619.055074), 2.186906, -2.053641, 0
(339.245540,629.613155), (353.995802,616.106499), 2.212539, -2.025998, 0
(336.380011,626.444035), (351.298833,613.123798), 2.237823, -1.998036, 0
(333.554531,623.239157), (348.639558,610.107442), 2.262754, -1.969757, 0
(330.769546,619.999027), (346.018396,607.057908), 2.287328, -1.941168, 0
(328.025497,616.724157), (343.435762,603.975677), 2.311540, -1.912272, 0
(325.322817,613.415063), (340.892063,600.861236), 2.335387, -1.883074, 0
(322.661933,610.072268), (338.387702,597.715076), 2.358865, -1.853579, 0
(320.043264,606.696301), (335.923072,594.537695), 2.381971, -1.823791, 0
(317.467225,603.287694), (333.498565,591.329595), 2.404701, -1.793715, 0
(314.934222,599.846986), (331.114562,588.091281), 2.427051, -1.763356, 0
(312.444655,596.374719), (328.771440,584.823265), 2.449018, -1.732718, 0
(309.998917,592.871443), (326.469569,581.526064), 2.470598, -1.701807, 0
(307.597394,589.337710), (324.209312,578.200197), 2.491788, -1.670627, 0
(305.240466,585.774078), (321.991027,574.846191), 2.512584, -1.639183, 0
(302.928505,582.181110), (319.815064,571.464574), 2.532984, -1.607480, 0
(300.661876,578.559374), (317.681766,568.055882), 2.552983, -1.575524, 0
(298.440937,574.909441), (315.591470,564.620651), 2.572580, -1.543319, 0
(296.266038,571.231889), (313.544506,561.159425), 2.591770, -1.510870, 0
(294.137523,567.527296), (311.541199,557.672749), 2.610551, -1.478182, 0
(292.055729,563.796249), (309.581862,554.161176), 2.628920, -1.445261, 0
(290.020983,560.039337), (307.666808,550.625258), 2.646874, -1.412112, 0
(288.033607,556.257153), (305.796336,547.065555), 2.664409, -1.378740, 0
(286.093916,552.450293), (303.970744,543.482629), 2.681524, -1.345150, 0
(284.202214,548.619361), (302.190319,539.877045), 2.698216, -1.311347, 0
(282.358802,544.764959), (300.455343,536.249373), 2.714481, -1.277338, 0
(280.563970,540.887698), (298.766089,532.600186), 2.730318, -1.243127, 0
(278.818001,536.988188), (297.122825,528.930059), 2.745724, -1.208719, 0
(277.121172,533.067047), (295.525809,525.239573), 2.760696, -1.174121, 0
(275.473750,529.124892), (293.975294,521.529311), 2.775232, -1.139337, 0
(273.875995,525.162348), (292.471525,517.799857), 2.789329, -1.104374, 0
(272.328160,521.180039), (291.014738,514.051801), 2.802987, -1.069236, 0
(270.830488,517.178594), (289.605166,510.285735), 2.816202, -1.033929, 0
(269.383218,513.158645), (288.243029,506.502254), 2.828972, -0.998459, 0
(267.986576,509.120827), (286.928542,502.701955), 2.841295, -0.962831, 0
(266.640784,505.065778), (285.661915,498.885438), 2.853170, -0.927051, 0
(265.346055,500.994138), (284.443346,495.053306), 2.864594, -0.891125, 0
(264.102592,496.906549), (283.273028,491.206164), 2.875565, -0.855058, 0
(262.910592,492.803658), (282.151145,487.344619), 2.886083, -0.818856, 0
(261.770243,488.686112), (281.077876,483.469282), 2.896145, -0.782525, 0
(260.681725,484.554562), (280.053388,479.580764), 2.905749, -0.746070, 0
(259.645211,480.409659), (279.077845,475.679679), 2.914895, -0.709497, 0
(258.660863,476.252059), (278.151401,471.766644), 2.923581, -0.672812, 0
(257.728838,472.082417), (277.274200,467.842275), 2.931804, -0.636021, 0
(256.849282,467.901393), (276.446383,463.907194), 2.939565, -0.599130, 0
(256.022335,463.709647), (275.668080,459.962021), 2.946862, -0.562144, 0
(255.248126,459.507840), (274.939413,456.007379), 2.953693, -0.525069, 0
(254.526779,455.296636), (274.260498,452.043893), 2.960058, -0.487911, 0
(253.858407,451.076700), (273.631442,448.072189), 2.965955, -0.450677, 0
(253.243115,446.848699), (273.052344,444.092893), 2.971384, -0.413371, 0
(252.681002,442.613299), (272.523296,440.106635), 2.976344, -0.376000, 0
(252.172154,438.371171), (272.044381,436.114043), 2.980834, -0.338569, 0
(251.716654,434.122983), (271.615675,432.115749), 2.984853, -0.301085, 0
(251.314573,429.869407), (271.237245,428.112383), 2.988401, -0.263554, 0
(250.965974,425.611114), (270.909152,424.104578), 2.991477, -0.225980, 0
(250.670912,421.348777), (270.631447,420.092966), 2.994080, -0.188372, 0
(250.429435,417.083068), (270.404174,416.078182), 2.996211, -0.150733, 0
(250.241579,412.814662), (270.227369,412.060858), 2.997868, -0.113071, 0
(250.107376,408.544232), (270.101059,408.041631), 2.999053, -0.075390, 0
(250.026845,404.272454), (270.025266,404.021133), 2.999763, -0.037698, 0
(250.000000,400.000000), (270.000000,400.000000), 3.000000, -0.000000, 0
(250.026845,395.727546), (270.025266,395.978867), 2.999763, 0.037698, 0
(250.107376,391.455768), (270.101059,391.958369), 2.999053, 0.075390, 0
(250.241579,387.185338), (270.227369,387.939142), 2.997868, 0.113071, 0
(250.429435,382.916932), (270.404174,383.921818), 2.996211, 0.150733, 0
(250.670912,378.651223), (270.631447,379.907034), 2.994080, 0.188372, 0
(250.965974,374.388886), (270.909152,375.895422), 2.991477, 0.225980, 0
(251.314573,370.130593), (271.237245,371.887617), 2.988401, 0.263554, 0
(251.716654,365.877017), (271.615675,367.884251), 2.984853, 0.301085, 0
(252.172154,361.628829), (272.044381,363.885957), 2.980834, 0.338569, 0
(252.681002,357.386701), (272.523296,359.893365), 2.976344, 0.376000, 0
(253.243115,353.151301), (273.052344,355.907107), 2.971384, 0.413371, 0
(253.858407,348.923300), (273.631442,351.927811), 2.965955, 0.450677, 0
(254.526779,344.703364), (274.260498,347.956107), 2.960058, 0.487911, 0
(255.248126,340.492160), (274.939413,343.992621), 2.953693, 0.525069, 0
(256.022335,336.290353), (275.668080,340.037979), 2.946862, 0.562144, 0
(256.849282,332.098607), (276.446383,336.092806), 2.939565, 0.599130, 0
(257.728838,327.917583), (277.274200,332.157725), 2.931804, 0.636021, 0
(258.660863,323.747941), (278.151401,328.233356), 2.923581, 0.672812, 0
(259.645211,319.590341), (279.077845,324.320321), 2.914895, 0.709497, 0
(260.681725,315.445438), (280.053388,320.419236), 2.905749, 0.746070, 0
(261.770243,311.313888), (281.077876,316.530718), 2.896145, 0.782525, 0
(262.910592,307.196342), (282.151145,312.655381), 2.886083, 0.818856, 0
(264.102592,303.093451), (283.273028,308.793836), 2.875565, 0.855058, 0
(265.346055,299.005862), (284.443346,304.946694), 2.864594, 0.891125, 0
(266.640784,294.934222), (285.661915,301.114562), 2.853170, 0.927051, 0
(267.986576,290.879173), (286.928542,297.298045), 2.841295, 0.962831, 0
(269.383218,286.841355), (288.243029,293.497746), 2.828972, 0.998459, 0
(270.830488,282.821406), (289.605166,289.714265), 2.816202, 1.033929, 0
(272.328160,278.819961), (291.014738,285.948199), 2.802987, 1.069236, 0
(273.875995,274.837652), (292.471525,282.200143), 2.789329, 1.104374, 0
(275.473750,270.875108), (293.975294,278.470689), 2.775232, 1.139337, 0
(277.121172,266.932953), (295.525809,274.760427), 2.760696, 1.174121, 0
(278.818001,263.011812), (297.122825,271.069941), 2.745724, 1.208719, 0
(280.563970,259.112302), (298.766089,267.399814), 2.730318, 1.243127, 0
(282.358802,255.235041), (300.455343,263.750627), 2.714481, 1.277338, 0
(284.202214,251.380639), (302.190319,260.122955), 2.698216, 1.311347, 0
(286.093916,247.549707), (303.970744,256.517371), 2.681524, 1.345150, 0
(288.033607,243.742847), (305.796336,252.934445), 2.664409, 1.378740, 0
(290.020983,239.960663), (307.666808,249.374742), 2.646874, 1.412112, 0
(292.055729,236.203751), (309.581862,245.838824), 2.628920, 1.445261, 0
(294.137523,232.472704), (311.541199,242.327251), 2.610551, 1.478182, 0
(296.266038,228.768111), (313.544506,238.840575), 2.591770, 1.510870, 0
(298.440937,225.090559), (315.591470,235.379349), 2.572580, 1.543319, 0
(300.661876,221.440626), (317.681766,231.944118), 2.552983, 1.575524, 0
(302.928505,217.818890), (319.815064,228.535426), 2.532984, 1.607480, 0
(305.240466,214.225922), (321.991027,225.153809), 2.512584, 1.639183, 0
(307.597394,210.662290), (324.209312,221.799803), 2.491788, 1.670627, 0
(309.998917,207.128557), (326.469569,218.473936), 2.470598, 1.701807, 0
(312.444655,203.625281), (328.771440,215.176735), 2.449018, 1.732718, 0
(314.934222,200.153014), (331.114562,211.908719), 2.427051, 1.763356, 0
(317.467225,196.712306), (333.498565,208.670405), 2.404701, 1.793715, 0
(320.043264,193.303699), (335.923072,205.462305), 2.381971, 1.823791, 0
(322.661933,189.927732), (338.387702,202.284924), 2.358865, 1.853579, 0
(325.322817,186.584937), (340.892063,199.138764), 2.335387, 1.883074, 0
(328.025497,183.275843), (343.435762,196.024323), 2.311540, 1.912272, 0
(330.769546,180.000973), (346.018396,192.942092), 2.287328, 1.941168, 0
(333.554531,176.760843), (348.639558,189.892558), 2.262754, 1.969757, 0
(336.380011,173.555965), (351.298833,186.876202), 2.237823, 1.998036, 0
(339.245540,170.386845), (353.995802,183.893501), 2.212539, 2.025998, 0
(342.150667,167.253984), (356.730039,180.944926), 2.186906, 2.053641, 0
(345.094932,164.157876), (359.501112,178.030942), 2.160927, 2.080960, 0
(348.077870,161.099010), (362.308583,175.152010), 2.134607, 2.107950, 0
(351.099010,158.077870), (365.152010,172.308583), 2.107950, 2.134607, 0
(354.157876,155.094932), (368.030942,169.501112), 2.080960, 2.160927, 0
(357.253984,152.150667), (370.944926,166.730039), 2.053641, 2.186906, 0
(360.386845,149.245540), (373.893501,163.995802), 2.025998, 2.212539, 0
(363.555965,146.380011), (376.876202,161.298833), 1.998036, 2.237823, 0
(366.760843,143.554531), (379.892558,158.639558), 1.969757, 2.262754, 0
(370.000973,140.769546), (382.942092,156.018396), 1.941168, 2.287328, 0
(373.275843,138.025497), (386.024323,153.435762), 1.912272, 2.311540, 0
(376.584937,135.322817), (389.138764,150.892063), 1.883074, 2.335387, 0
(379.927732,132.661933), (392.284924,148.387702), 1.853579, 2.358865, 0
(383.303699,130.043264), (395.462305,145.923072), 1.823791, 2.381971, 0
(386.712306,127.467225), (398.670405,143.498565), 1.793715, 2.404701, 0
(390.153014,124.934222), (401.908719,141.114562), 1.763356, 2.427051, 0
(393.625281,122.444655), (405.176735,138.771440), 1.732718, 2.449018, 0
(397.128557,119.998917), (408.473936,136.469569), 1.701807, 2.470598, 0
(400.662290,117.597394), (411.799803,134.209312), 1.670627, 2.491788, 0
(404.225922,115.240466), (415.153809,131.991027), 1.639183, 2.512584, 0
(407.818890,112.928505), (418.535426,129.815064), 1.607480, 2.532984, 0
(411.440626,110.661876), (421.944118,127.681766), 1.575524, 2.552983, 0
(415.090559,108.440937), (425.379349,125.591470), 1.543319, 2.572580, 0
(418.768111,106.266038), (428.840575,123.544506), 1.510870, 2.591770, 0
(422.472704,104.137523), (432.327251,121.541199), 1.478182, 2.610551, 0
(426.203751,102.055729), (435.838824,119.581862), 1.445261, 2.628920, 0
(429.960663,100.020983), (439.374742,117.666808), 1.412112, 2.646874, 0
(433.742847,98.033607), (442.934445,115.796336), 1.378740, 2.664409, 0
(437.549707,96.093916), (446.517371,113.970744), 1.345150, 2.681524, 0
(441.380639,94.202214), (450.122955,112.190319), 1.311347, 2.698216, 0
(445.235041,92.358802), (453.750627,110.455343), 1.277338, 2.714481, 0
(449.112302,90.563970), (457.399814,108.766089), 1.243127, 2.730318, 0
(453.011812,88.818001), (461.069941,107.122825), 1.208719, 2.745724, 0
(456.932953,87.121172), (464.760427,105.525809), 1.174121, 2.760696, 0
(460.875108,85.473750), (468.470689,103.975294), 1.139337, 2.775232, 0
(464.837652,83.875995), (472.200143,102.471525), 1.104374, 2.789329, 0
(468.819961,82.328160), (475.948199,101.014738), 1.069236, 2.802987, 0
(472.821406,80.830488), (479.714265,99.605166), 1.033929, 2.816202, 0
(476.841355,79.383218), (483.497746,98.243029), 0.998459, 2.828972, 0
(480.879173,77.986576), (487.298045,96.928542), 0.962831, 2.841295, 0
(484.934222,76.640784), (491.114562,95.661915), 0.927051, 2.853170, 0
(489.005862,75.346055), (494.946694,94.443346), 0.891125, 2.864594, 0
(493.093451,74.102592), (498.793836,93.273028), 0.855058, 2.875565, 0
(497.196342,72.910592), (502.655381,92.151145), 0.818856, 2.886083, 0
(501.313888,71.770243), (506.530718,91.077876), 0.782525, 2.896145, 0
(505.445438,70.681725), (510.419236,90.053388), 0.746070, 2.905749, 0
(509.590341,69.645211), (514.320321,89.077845), 0.709497, 2.914895, 0
(513.747941,68.660863), (518.233356,88.151401), 0.672812, 2.923581, 0
(517.917583,67.728838), (522.157725,87.274200), 0.636021, 2.931804, 0
(522.098607,66.849282), (526.092806,86.446383), 0.599130, 2.939565, 0
(526.290353,66.022335), (530.037979,85.668080), 0.562144, 2.946862, 0
(530.492160,65.248126), (533.992621,84.939413), 0.525069, 2.953693, 0
(534.703364,64.526779), (537.956107,84.260498), 0.487911, 2.960058, 0
(538.923300,63.858407), (541.927811,83.631442), 0.450677, 2.965955, 0
(543.151301,63.243115), (545.907107,83.052344), 0.413371, 2.971384, 0
(547.386701,62.681002), (549.893365,82.523296), 0.376000, 2.976344, 0
(551.628829,62.172154), (553.885957,82.044381), 0.338569, 2.980834, 0
(555.877017,61.716654), (557.884251,81.615675), 0.301085, 2.984853, 0
(560.130593,61.314573), (561.887617,81.237245), 0.263554, 2.988401, 0
(564.388886,60.965974), (565.895422,80.909152), 0.225980, 2.991477, 0
(568.651223,60.670912), (569.907034,80.631447), 0.188372, 2.994080, 0
(572.916932,60.429435), (573.921818,80.404174), 0.150733, 2.996211, 0
(577.185338,60.241579), (577.939142,80.227369), 0.113071, 2.997868, 0
(581.455768,60.107376), (581.958369,80.101059), 0.075390, 2.999053, 0
(585.727546,60.026845), (585.978867,80.025266), 0.037698, 2.999763, 0
(590.000000,60.000000), (590.000000,80.000000), 0.000000, 3.000000, 0
(594.272454,60.026845), (594.021133,80.025266), -0.037698, 2.999763, 0
(598.544232,60.107376), (598.041631,80.101059), -0.075390, 2.999053, 0
(602.814662,60.241579), (602.060858,80.227369), -0.113071, 2.997868, 0
(607.083068,60.429435), (606.078182,80.404174), -0.150733, 2.996211, 0
(611.348777,60.670912), (610.092966,80.631447), -0.188372, 2.994080, 0
(615.611114,60.965974), (614.104578,80.909152), -0.225980, 2.991477, 0
(619.869407,61.314573), (618.112383,81.237245), -0.263554, 2.988401, 0
(624.122983,61.716654), (622.115749,81.615675), -0.301085, 2.984853, 0
(628.371171,62.172154), (626.114043,82.044381), -0.338569, 2.980834, 0
(632.613299,62.681002), (630.106635,82.523296), -0.376000, 2.976344, 0
(636.848699,63.243115), (634.092893,83.052344), -0.413371, 2.971384, 0
(641.076700,63.858407), (638.072189,83.631442), -0.450677, 2.965955, 0
(645.296636,64.526779), (642.043893,84.260498), -0.487911, 2.960058, 0
(649.507840,65.248126), (646.007379,84.939413), -0.525069, 2.953693, 0
(653.709647,66.022335), (649.962021,85.668080), -0.562144, 2.946862, 0
(657.901393,66.849282), (653.907194,86.446383), -0.599130, 2.939565, 0
(662.082417,67.728838), (657.842275,87.274200), -0.636021, 2.931804, 0
(666.252059,68.660863), (661.766644,88.151401), -0.672812, 2.923581, 0
(670.409659,69.645211), (665.679679,89.077845), -0.709497, 2.914895, 0
(674.554562,70.681725), (669.580764,90.053388), -0.746070, 2.905749, 0
(678.686112,71.770243), (673.469282,91.077876), -0.782525, 2.896145, 0
(682.803658,72.910592), (677.344619,92.151145), -0.818856, 2.886083, 0
(686.906549,74.102592), (681.206164,93.273028), -0.855058, 2.875565, 0
(690.994138,75.346055), (685.053306,94.443346), -0.891125, 2.864594, 0
(695.065778,76.640784), (688.885438,95.661915), -0.927051, 2.853170, 0
(699.120827,77.986576), (692.701955,96.928542), -0.962831, 2.841295, 0
(703.158645,79.383218), (696.502254,98.243029), -0.998459, 2.828972, 0
(707.178594,80.830488), (700.285735,99.605166), -1.033929, 2.816202, 0
(711.180039,82.328160), (704.051801,101.014738), -1.069236, 2.802987, 0
(715.162348,83.875995), (707.799857,102.471525), -1.104374, 2.789329, 0
(719.124892,85.473750), (711.529311,103.975294), -1.139337, 2.775232, 0
(723.067047,87.121172), (715.239573,105.525809), -1.174121, 2.760696, 0
(726.988188,88.818001), (718.930059,107.122825), -1.208719, 2.745724, 0
(730.887698,90.563970), (722.600186,108.766089), -1.243127, 2.730318, 0
(734.764959,92.358802), (726.249373,110.455343), -1.277338, 2.714481, 0
(738.619361,94.202214), (729.877045,112.190319), -1.311347, 2.698216, 0
(742.450293,96.093916), (733.482629,113.970744), -1.345150, 2.681524, 0
(746.257153,98.033607), (737.065555,115.796336), -1.378740, 2.664409, 0
(750.039337,100.020983), (740.625258,117.666808), -1.412112, 2.646874, 0
(753.796249,102.055729), (744.161176,119.581862), -1.445261, 2.628920, 0
(757.527296,104.137523), (747.672749,121.541199), -1.478182, 2.610551, 0
(761.231889,106.266038), (751.159425,123.544506), -1.510870, 2.591770, 0
(764.909441,108.440937), (754.620651,125.591470), -1.543319, 2.572580, 0
(768.559374,110.661876), (758.055882,127.681766), -1.575524, 2.552983, 0
(772.181110,112.928505), (761.464574,129.815064), -1.607480, 2.532984, 0
(775.774078,115.240466), (764.846191,131.991027), -1.639183, 2.512584, 0
(779.337710,117.597394), (768.200197,134.209312), -1.670627, 2.491788, 0
(782.871443,119.998917), (771.526064,136.469569), -1.701807, 2.470598, 0
(786.374719,122.444655), (774.823265,138.771440), -1.732718, 2.449018, 0
(789.846986,124.934222), (778.091281,141.114562), -1.763356, 2.427051, 0
(793.287694,127.467225), (781.329595,143.498565), -1.793715, 2.404701, 0
(796.696301,130.043264), (784.537695,145.923072), -1.823791, 2.381971, 0
(800.072268,132.661933), (787.715076,148.387702), -1.853579, 2.358865, 0
(803.415063,135.322817), (790.861236,150.892063), -1.883074, 2.335387, 0
(806.724157,138.025497), (793.975677,153.435762), -1.912272, 2.311540, 0
(809.999027,140.769546), (797.057908,156.018396), -1.941168, 2.287328, 0
(813.239157,143.554531), (800.107442,158.639558), -1.969757, 2.262754, 0
(816.444035,146.380011), (803.123798,161.298833), -1.998036, 2.237823, 0
(819.613155,149.245540), (806.106499,163.995802), -2.025998, 2.212539, 0
(822.746016,152.150667), (809.055074,166.730039), -2.053641, 2.186906, 0
(825.842124,155.094932), (811.969058,169.501112), -2.080960, 2.160927, 0
(828.900990,158.077870), (814.847990,172.308583), -2.107950, 2.134607, 0
(831.922130,161.099010), (817.691417,175.152010), -2.134607, 2.107950, 0
(834.905068,164.157876), (820.498888,178.030942), -2.160927, 2.080960, 0
(837.849333,167.253984), (823.269961,180.944926), -2.186906, 2.053641, 0
(840.754460,170.386845), (826.004198,183.893501), -2.212539, 2.025998, 0
(843.619989,173.555965), (828.701167,186.876202), -2.237823, 1.998036, 0
(846.445469,176.760843), (831.360442,189.892558), -2.262754, 1.969757, 0
(849.230454,180.000973), (833.981604,192.942092), -2.287328, 1.941168, 0
(851.974503,183.275843), (836.564238,196.024323), -2.311540, 1.912272, 0
(854.677183,186.584937), (839.107937,199.138764), -2.335387, 1.883074, 0
(857.338067,189.927732), (841.612298,202.284924), -2.358865, 1.853579, 0
(859.956736,193.303699), (844.076928,205.462305), -2.381971, 1.823791, 0
(862.532775,196.712306), (846.501435,208.670405), -2.404701, 1.793715, 0
(865.065778,200.153014), (848.885438,211.908719), -2.427051, 1.763356, 0
(867.555345,203.625281), (851.228560,215.176735), -2.449018, 1.732718, 0
(870.001083,207.128557), (853.530431,218.473936), -2.470598, 1.701807, 0
(872.402606,210.662290), (855.790688,221.799803), -2.491788, 1.670627, 0
(874.759534,214.225922), (858.008973,225.153809), -2.512584, 1.639183, 0
(877.071495,217.818890), (860.184936,228.535426), -2.532984, 1.607480, 0
(879.338124,221.440626), (862.318234,231.944118), -2.552983, 1.575524, 0
(881.559063,225.090559), (864.408530,235.379349), -2.572580, 1.543319, 0
(883.733962,228.768111), (866.455494,238.840575), -2.591770, 1.510870, 0
(885.862477,232.472704), (868.458801,242.327251), -2.610551, 1.478182, 0
(887.944271,236.203751), (870.418138,245.838824), -2.628920, 1.445261, 0
(889.979017,239.960663), (872.333192,249.374742), -2.646874, 1.412112, 0
(891.966393,243.742847), (874.203664,252.934445), -2.664409, 1.378740, 0
(893.906084,247.549707), (876.029256,256.517371), -2.681524, 1.345150, 0
(895.797786,251.380639), (877.809681,260.122955), -2.698216, 1.311347, 0
(897.641198,255.235041), (879.544657,263.750627), -2.714481, 1.277338, 0
(899.436030,259.112302), (881.233911,267.399814), -2.730318, 1.243127, 0
(901.181999,263.011812), (882.877175,271.069941), -2.745724, 1.208719, 0
(902.878828,266.932953), (884.474191,274.760427), -2.760696, 1.174121, 0
(904.526250,270.875108), (886.024706,278.470689), -2.775232, 1.139337, 0
(906.124005,274.837652), (887.528475,282.200143), -2.789329, 1.104374, 0
(907.671840,278.819961), (888.985262,285.948199), -2.802987, 1.069236, 0
(909.169512,282.821406), (890.394834,289.714265), -2.816202, 1.033929, 0
(910.616782,286.841355), (891.756971,293.497746), -2.828972, 0.998459, 0
(912.013424,290.879173), (893.071458,297.298045), -2.841295, 0.962831, 0
(913.359216,294.934222), (894.338085,301.114562), -2.853170, 0.927051, 0
(914.653945,299.005862), (895.556654,304.946694), -2.864594, 0.891125, 0
(915.897408,303.093451), (896.726972,308.793836), -2.875565, 0.855058, 0
(917.089408,307.196342), (897.848855,312.655381), -2.886083, 0.818856, 0
(918.229757,311.313888), (898.922124,316.530718), -2.896145, 0.782525, 0
(919.318275,315.445438), (899.946612,320.419236), -2.905749, 0.746070, 0
(920.354789,319.590341), (900.922155,324.320321), -2.914895, 0.709497, 0
(921.339137,323.747941), (901.848599,328.233356), -2.923581, 0.672812, 0
(922.271162,327.917583), (902.725800,332.157725), -2.931804, 0.636021, 0
(923.150718,332.098607), (903.553617,336.092806), -2.939565, 0.599130, 0
(923.977665,336.290353), (904.331920,340.037979), -2.946862, 0.562144, 0
(924.751874,340.492160), (905.060587,343.992621), -2.953693, 0.525069, 0
(925.473221,344.703364), (905.739502,347.956107), -2.960058, 0.487911, 0
(926.141593,348.923300), (906.368558,351.927811), -2.965955, 0.450677, 0
(926.756885,353.151301), (906.947656,355.907107), -2.971384, 0.413371, 0
(927.318998,357.386701), (907.476704,359.893365), -2.976344, 0.376000, 0
(927.827846,361.628829), (907.955619,363.885957), -2.980834, 0.338569, 0
(928.283346,365.877017), (908.384325,367.884251), -2.984853, 0.301085, 0
(928.685427,370.130593), (908.762755,371.887617), -2.988401, 0.263554, 0
(929.034026,374.388886), (909.090848,375.895422), -2.991477, 0.225980, 0
(929.329088,378.651223), (909.368553,379.907034), -2.994080, 0.188372, 0
(929.570565,382.916932), (909.595826,383.921818), -2.996211, 0.150733, 0
(929.758421,387.185338), (909.772631,387.939142), -2.997868, 0.113071, 0
(929.892624,391.455768), (909.898941,391.958369), -2.999053, 0.075390, 0
(929.973155,395.727546), (909.974734,395.978867), -2.999763, 0.037698, 0
