809
(300.000000, 300.000000), (344.000000, 344.000000), -10.266432, -10.262006, 0
(302.000000, 300.000000), (344.000000, 342.000000), -10.261668, -10.265758, 0
(304.000000, 300.000000), (344.000000, 340.000000), -10.258761, -10.268917, 0
(306.000000, 300.000000), (344.000000, 338.000000), -10.249487, -10.269045, 0
(308.000000, 300.000000), (344.000000, 336.000000), -10.243579, -10.264545, 0
(310.000000, 300.000000), (344.000000, 334.000000), -10.237645, -10.265553, 0
(312.000000, 300.000000), (344.000000, 332.000000), -10.235607, -10.265965, 0
(314.000000, 300.000000), (344.000000, 330.000000), -10.234118, -10.263122, 0
(316.000000, 300.000000), (344.000000, 328.000000), -10.217047, -10.267011, 0
(318.000000, 300.000000), (344.000000, 326.000000), -10.224407, -10.252430, 0
(320.000000, 300.000000), (344.000000, 324.000000), -10.206892, -10.259447, 0
(322.000000, 300.000000), (344.000000, 322.000000), -10.204883, -10.251686, 0
(324.000000, 300.000000), (344.000000, 320.000000), -10.206238, -10.267617, 0
(326.000000, 300.000000), (344.000000, 318.000000), -10.203838, -10.255601, 0
(328.000000, 300.000000), (344.000000, 316.000000), -10.987249, -10.252383, 0
(330.000000, 300.000000), (344.000000, 314.000000), -10.986759, -10.253681, 0
(332.000000, 300.000000), (344.000000, 312.000000), -10.984390, -10.258427, 0
(334.000000, 300.000000), (344.000000, 310.000000), -10.984439, -10.263151, 0
(336.000000, 300.000000), (344.000000, 308.000000), -10.967344, -10.263926, 0
(338.000000, 300.000000), (344.000000, 306.000000), -10.967196, -10.250923, 0
(340.000000, 300.000000), (344.000000, 304.000000), -10.958471, -10.254841, 0
(342.000000, 300.000000), (344.000000, 302.000000), -10.961476, -10.254078, 0
(300.000000, 302.000000), (342.000000, 344.000000), -10.250806, -10.260594, 0
(300.000000, 304.000000), (340.000000, 344.000000), -10.267199, -10.247853, 0
(300.000000, 306.000000), (338.000000, 344.000000), -10.262604, -10.251606, 0
(300.000000, 308.000000), (336.000000, 344.000000), -10.260283, -10.249496, 0
(300.000000, 310.000000), (334.000000, 344.000000), -10.256053, -10.225166, 0
(300.000000, 312.000000), (332.000000, 344.000000), -10.251182, -10.222292, 0
(300.000000, 314.000000), (330.000000, 344.000000), -10.267783, -10.215020, 0
(300.000000, 316.000000), (328.000000, 344.000000), -10.257893, -10.215032, 0
(300.000000, 318.000000), (326.000000, 344.000000), -10.252403, -10.224652, 0
(300.000000, 320.000000), (324.000000, 344.000000), -10.258714, -10.216793, 0
(300.000000, 322.000000), (322.000000, 344.000000), -10.258079, -10.203153, 0
(300.000000, 324.000000), (320.000000, 344.000000), -10.259944, -10.205422, 0
(300.000000, 326.000000), (318.000000, 344.000000), -10.252078, -10.987139, 0
(300.000000, 328.000000), (316.000000, 344.000000), -10.266346, -10.990549, 0
(300.000000, 330.000000), (314.000000, 344.000000), -10.256980, -10.987821, 0
(300.000000, 332.000000), (312.000000, 344.000000), -10.264627, -10.977786, 0
(300.000000, 334.000000), (310.000000, 344.000000), -10.258415, -10.976827, 0
(300.000000, 336.000000), (308.000000, 344.000000), -10.265639, -10.961019, 0
(300.000000, 338.000000), (306.000000, 344.000000), -10.258433, -10.960923, 0
(300.000000, 340.000000), (304.000000, 344.000000), -10.250515, -10.964486, 0
(300.000000, 342.000000), (302.000000, 344.000000), -10.256089, -10.946697, 0
(300.000000, 346.000000), (300.000000, 390.000000), -10.266777, -10.938872, 0
(302.000000, 346.000000), (302.000000, 390.000000), -10.246717, -10.939670, 0
(304.000000, 346.000000), (304.000000, 390.000000), -10.248904, -10.939120, 0
(306.000000, 346.000000), (306.000000, 390.000000), -10.239322, -10.952618, 0
(308.000000, 346.000000), (308.000000, 390.000000), -10.230913, -10.947401, 0
(310.000000, 346.000000), (310.000000, 390.000000), -10.230770, -10.945857, 0
(312.000000, 346.000000), (312.000000, 390.000000), -10.227823, -10.942849, 0
(314.000000, 346.000000), (314.000000, 390.000000), -10.227996, -10.939168, 0
(316.000000, 346.000000), (316.000000, 390.000000), -10.228398, -10.954976, 0
(318.000000, 346.000000), (318.000000, 390.000000), -10.221990, -10.948025, 0
(320.000000, 346.000000), (320.000000, 390.000000), -10.207762, -10.940405, 0
(322.000000, 346.000000), (322.000000, 390.000000), -10.999851, -10.938402, 0
(324.000000, 346.000000), (324.000000, 390.000000), -10.996424, -10.948284, 0
(326.000000, 346.000000), (326.000000, 390.000000), -10.994324, -10.941939, 0
(328.000000, 346.000000), (328.000000, 390.000000), -10.987770, -10.950413, 0
(330.000000, 346.000000), (330.000000, 390.000000), -10.983636, -10.939547, 0
(332.000000, 346.000000), (332.000000, 390.000000), -10.989285, -10.945353, 0
(334.000000, 346.000000), (334.000000, 390.000000), -10.974217, -10.943189, 0
(336.000000, 346.000000), (336.000000, 390.000000), -10.974474, -10.948539, 0
(338.000000, 346.000000), (338.000000, 390.000000), -10.960807, -10.950387, 0
(340.000000, 346.000000), (340.000000, 390.000000), -10.955940, -10.946577, 0
(342.000000, 346.000000), (342.000000, 390.000000), -10.951243, -10.948763, 0
(344.000000, 346.000000), (344.000000, 390.000000), -10.959425, -10.954239, 0
(300.000000, 436.000000), (344.000000, 392.000000), -10.267931, 0.072177, 0
(300.000000, 434.000000), (342.000000, 392.000000), -10.269215, 0.070079, 0
(300.000000, 432.000000), (340.000000, 392.000000), -10.260848, 0.073023, 0
(300.000000, 430.000000), (338.000000, 392.000000), -10.250326, 0.059300, 0
(300.000000, 428.000000), (336.000000, 392.000000), -10.260379, 0.063250, 0
(300.000000, 426.000000), (334.000000, 392.000000), -10.258984, 0.045297, 0
(300.000000, 424.000000), (332.000000, 392.000000), -10.263689, 0.043246, 0
(300.000000, 422.000000), (330.000000, 392.000000), -10.265116, 0.052675, 0
(300.000000, 420.000000), (328.000000, 392.000000), -10.251301, 0.035599, 0
(300.000000, 418.000000), (326.000000, 392.000000), -10.262678, 0.034482, 0
(300.000000, 416.000000), (324.000000, 392.000000), -10.252590, 0.032848, 0
(300.000000, 414.000000), (322.000000, 392.000000), -10.254057, 0.026603, 0
(300.000000, 412.000000), (320.000000, 392.000000), -10.252539, 0.020003, 0
(300.000000, 410.000000), (318.000000, 392.000000), -10.269973, 0.016218, 0
(300.000000, 408.000000), (316.000000, 392.000000), -10.253760, 0.000601, 0
(300.000000, 406.000000), (314.000000, 392.000000), -10.258021, 0.013309, 0
(300.000000, 404.000000), (312.000000, 392.000000), -10.267222, 0.002764, 0
(300.000000, 402.000000), (310.000000, 392.000000), -10.266612, -10.003070, 0
(300.000000, 400.000000), (308.000000, 392.000000), -10.264213, -10.016938, 0
(300.000000, 398.000000), (306.000000, 392.000000), -10.253770, -10.009592, 0
(300.000000, 396.000000), (304.000000, 392.000000), -10.253688, -10.022754, 0
(300.000000, 394.000000), (302.000000, 392.000000), -10.254295, -10.032377, 0
(302.000000, 436.000000), (344.000000, 394.000000), -10.254507, 0.070589, 0
(304.000000, 436.000000), (344.000000, 396.000000), -10.259702, 0.079192, 0
(306.000000, 436.000000), (344.000000, 398.000000), -10.248812, 0.077620, 0
(308.000000, 436.000000), (344.000000, 400.000000), -10.231326, 0.073598, 0
(310.000000, 436.000000), (344.000000, 402.000000), -10.244532, 0.084617, 0
(312.000000, 436.000000), (344.000000, 404.000000), -10.224799, 0.087930, 0
(314.000000, 436.000000), (344.000000, 406.000000), -10.230380, 0.085228, 0
(316.000000, 436.000000), (344.000000, 408.000000), -10.220852, 0.070860, 0
(318.000000, 436.000000), (344.000000, 410.000000), -10.209171, 0.071127, 0
(320.000000, 436.000000), (344.000000, 412.000000), -10.200830, 0.088607, 0
(322.000000, 436.000000), (344.000000, 414.000000), -10.201109, 0.072558, 0
(324.000000, 436.000000), (344.000000, 416.000000), -10.999464, 0.089678, 0
(326.000000, 436.000000), (344.000000, 418.000000), -10.999380, 0.076766, 0
(328.000000, 436.000000), (344.000000, 420.000000), -10.984914, 0.071932, 0
(330.000000, 436.000000), (344.000000, 422.000000), -10.980988, 0.080791, 0
(332.000000, 436.000000), (344.000000, 424.000000), -10.985444, 0.074505, 0
(334.000000, 436.000000), (344.000000, 426.000000), -10.973620, 0.074854, 0
(336.000000, 436.000000), (344.000000, 428.000000), -10.966303, 0.087568, 0
(338.000000, 436.000000), (344.000000, 430.000000), -10.962526, 0.082371, 0
(340.000000, 436.000000), (344.000000, 432.000000), -10.968834, 0.082942, 0
(342.000000, 436.000000), (344.000000, 434.000000), -10.958012, 0.086367, 0
(300.000000, 438.000000), (344.000000, 438.000000), -10.259128, 0.086608, 0
(300.000000, 440.000000), (344.000000, 440.000000), -10.258405, 0.080020, 0
(300.000000, 442.000000), (344.000000, 442.000000), -10.257532, 0.092424, 0
(300.000000, 444.000000), (344.000000, 444.000000), -10.268854, 0.901638, 0
(300.000000, 446.000000), (344.000000, 446.000000), -10.263970, 0.910037, 0
(300.000000, 448.000000), (344.000000, 448.000000), -10.255804, 0.916566, 0
(300.000000, 450.000000), (344.000000, 450.000000), -10.255284, 0.924816, 0
(300.000000, 452.000000), (344.000000, 452.000000), -10.266668, 0.919802, 0
(300.000000, 454.000000), (344.000000, 454.000000), -10.268252, 0.932344, 0
(300.000000, 456.000000), (344.000000, 456.000000), -10.269407, 0.926304, 0
(300.000000, 458.000000), (344.000000, 458.000000), -10.268151, 0.936973, 0
(300.000000, 460.000000), (344.000000, 460.000000), -10.258842, 0.945546, 0
(300.000000, 462.000000), (344.000000, 462.000000), -10.260459, 0.938632, 0
(300.000000, 464.000000), (344.000000, 464.000000), -10.262083, 0.950707, 0
(300.000000, 466.000000), (344.000000, 466.000000), -10.253426, 0.959904, 0
(300.000000, 468.000000), (344.000000, 468.000000), -10.262926, 0.957446, 0
(300.000000, 470.000000), (344.000000, 470.000000), -10.263488, 0.973669, 0
(300.000000, 472.000000), (344.000000, 472.000000), -10.262535, 0.978980, 0
(300.000000, 474.000000), (344.000000, 474.000000), -10.263908, 0.973612, 0
(300.000000, 476.000000), (344.000000, 476.000000), -10.259382, 0.982122, 0
(300.000000, 478.000000), (344.000000, 478.000000), -10.266351, 0.979814, 0
(300.000000, 480.000000), (344.000000, 480.000000), -10.261312, 0.998365, 0
(300.000000, 482.000000), (344.000000, 482.000000), -10.265371, 0.997021, 0
(300.000000, 484.000000), (344.000000, 528.000000), -10.261833, 0.996377, 0
(302.000000, 484.000000), (344.000000, 526.000000), -10.255635, 0.998760, 0
(304.000000, 484.000000), (344.000000, 524.000000), -10.247319, 0.201214, 0
(306.000000, 484.000000), (344.000000, 522.000000), -10.254267, 0.993839, 0
(308.000000, 484.000000), (344.000000, 520.000000), -10.243240, 0.200275, 0
(310.000000, 484.000000), (344.000000, 518.000000), -10.237529, 0.204676, 0
(312.000000, 484.000000), (344.000000, 516.000000), -10.239018, 0.994045, 0
(314.000000, 484.000000), (344.000000, 514.000000), -10.225419, 0.998056, 0
(316.000000, 484.000000), (344.000000, 512.000000), -10.218509, 0.206093, 0
(318.000000, 484.000000), (344.000000, 510.000000), -10.218276, 0.208956, 0
(320.000000, 484.000000), (344.000000, 508.000000), -10.204927, 0.202817, 0
(322.000000, 484.000000), (344.000000, 506.000000), -10.207432, 0.995692, 0
(324.000000, 484.000000), (344.000000, 504.000000), -10.205061, 0.201217, 0
(326.000000, 484.000000), (344.000000, 502.000000), -10.994495, 0.203627, 0
(328.000000, 484.000000), (344.000000, 500.000000), -10.990418, 0.205135, 0
(330.000000, 484.000000), (344.000000, 498.000000), -10.989352, 0.207748, 0
(332.000000, 484.000000), (344.000000, 496.000000), -10.988488, 0.205013, 0
(334.000000, 484.000000), (344.000000, 494.000000), -10.978492, 0.204193, 0
(336.000000, 484.000000), (344.000000, 492.000000), -10.973773, 0.997242, 0
(338.000000, 484.000000), (344.000000, 490.000000), -10.956968, 0.202986, 0
(340.000000, 484.000000), (344.000000, 488.000000), -10.952484, 0.995502, 0
(342.000000, 484.000000), (344.000000, 486.000000), -10.957338, 0.208498, 0
(300.000000, 486.000000), (342.000000, 528.000000), -10.260453, 0.212243, 0
(300.000000, 488.000000), (340.000000, 528.000000), -10.263446, 0.201038, 0
(300.000000, 490.000000), (338.000000, 528.000000), -10.256664, 0.218278, 0
(300.000000, 492.000000), (336.000000, 528.000000), -10.250006, 0.218409, 0
(300.000000, 494.000000), (334.000000, 528.000000), -10.263905, 0.222562, 0
(300.000000, 496.000000), (332.000000, 528.000000), -10.255899, 0.231034, 0
(300.000000, 498.000000), (330.000000, 528.000000), -10.251221, 0.229606, 0
(300.000000, 500.000000), (328.000000, 528.000000), -10.265339, 0.238361, 0
(300.000000, 502.000000), (326.000000, 528.000000), -10.250259, 0.245309, 0
(300.000000, 504.000000), (324.000000, 528.000000), -10.263891, 0.241253, 0
(300.000000, 506.000000), (322.000000, 528.000000), -10.264678, 0.257617, 0
(300.000000, 508.000000), (320.000000, 528.000000), -10.254553, 0.261548, 0
(300.000000, 510.000000), (318.000000, 528.000000), -10.250141, 0.268478, 0
(300.000000, 512.000000), (316.000000, 528.000000), -10.265466, 0.277375, 0
(300.000000, 514.000000), (314.000000, 528.000000), -10.251019, 0.277197, 0
(300.000000, 516.000000), (312.000000, 528.000000), -10.254126, 0.278528, 0
(300.000000, 518.000000), (310.000000, 528.000000), -10.260560, 0.277428, 0
(300.000000, 520.000000), (308.000000, 528.000000), -10.260434, 0.282775, 0
(300.000000, 522.000000), (306.000000, 528.000000), -10.254294, 0.294560, 0
(300.000000, 524.000000), (304.000000, 528.000000), -10.258816, 0.291801, 0
(300.000000, 526.000000), (302.000000, 528.000000), -10.252878, 0.300285, 0
(400.000000, 344.000000), (444.000000, 300.000000), -10.007166, -10.944100, 0
(400.000000, 342.000000), (442.000000, 300.000000), -10.010109, -10.947505, 0
(400.000000, 340.000000), (440.000000, 300.000000), -10.015739, -10.960368, 0
(400.000000, 338.000000), (438.000000, 300.000000), -10.012196, -10.964630, 0
(400.000000, 336.000000), (436.000000, 300.000000), -10.009115, -10.966874, 0
(400.000000, 334.000000), (434.000000, 300.000000), -10.017012, -10.978668, 0
(400.000000, 332.000000), (432.000000, 300.000000), -10.015326, -10.987153, 0
(400.000000, 330.000000), (430.000000, 300.000000), -10.000190, -10.985792, 0
(400.000000, 328.000000), (428.000000, 300.000000), -10.019778, -10.981209, 0
(400.000000, 326.000000), (426.000000, 300.000000), -10.018595, -10.988904, 0
(400.000000, 324.000000), (424.000000, 300.000000), -10.012681, -10.999155, 0
(400.000000, 322.000000), (422.000000, 300.000000), -10.001477, -10.998115, 0
(400.000000, 320.000000), (420.000000, 300.000000), -10.006380, -10.205771, 0
(400.000000, 318.000000), (418.000000, 300.000000), -10.013555, -10.220195, 0
(400.000000, 316.000000), (416.000000, 300.000000), -10.003970, -10.226434, 0
(400.000000, 314.000000), (414.000000, 300.000000), -10.009910, -10.226135, 0
(400.000000, 312.000000), (412.000000, 300.000000), -10.000533, -10.220019, 0
(400.000000, 310.000000), (410.000000, 300.000000), -10.013640, -10.241272, 0
(400.000000, 308.000000), (408.000000, 300.000000), -10.010387, -10.235836, 0
(400.000000, 306.000000), (406.000000, 300.000000), -10.005901, -10.254502, 0
(400.000000, 304.000000), (404.000000, 300.000000), -10.012710, -10.242914, 0
(400.000000, 302.000000), (402.000000, 300.000000), -10.013170, -10.253037, 0
(402.000000, 344.000000), (444.000000, 302.000000), 0.004933, -10.953360, 0
(404.000000, 344.000000), (444.000000, 304.000000), -10.008828, -10.959844, 0
(406.000000, 344.000000), (444.000000, 306.000000), 0.000431, -10.957423, 0
(408.000000, 344.000000), (444.000000, 308.000000), 0.016252, -10.947249, 0
(410.000000, 344.000000), (444.000000, 310.000000), 0.018421, -10.945225, 0
(412.000000, 344.000000), (444.000000, 312.000000), 0.019636, -10.952958, 0
(414.000000, 344.000000), (444.000000, 314.000000), 0.024004, -10.943919, 0
(416.000000, 344.000000), (444.000000, 316.000000), 0.031846, -10.954966, 0
(418.000000, 344.000000), (444.000000, 318.000000), 0.044647, -10.958064, 0
(420.000000, 344.000000), (444.000000, 320.000000), 0.043899, -10.940886, 0
(422.000000, 344.000000), (444.000000, 322.000000), 0.036917, -10.959741, 0
(424.000000, 344.000000), (444.000000, 324.000000), 0.042842, -10.948471, 0
(426.000000, 344.000000), (444.000000, 326.000000), 0.059423, -10.943059, 0
(428.000000, 344.000000), (444.000000, 328.000000), 0.062027, -10.958287, 0
(430.000000, 344.000000), (444.000000, 330.000000), 0.069028, -10.941143, 0
(432.000000, 344.000000), (444.000000, 332.000000), 0.073676, -10.946039, 0
(434.000000, 344.000000), (444.000000, 334.000000), 0.070497, -10.945152, 0
(436.000000, 344.000000), (444.000000, 336.000000), 0.084117, -10.949071, 0
(438.000000, 344.000000), (444.000000, 338.000000), 0.092424, -10.949632, 0
(440.000000, 344.000000), (444.000000, 340.000000), 0.083679, -10.949155, 0
(442.000000, 344.000000), (444.000000, 342.000000), 0.090143, -10.946685, 0
(400.000000, 346.000000), (400.000000, 390.000000), -10.002113, -10.940853, 0
(402.000000, 346.000000), (402.000000, 390.000000), -10.005604, -10.945267, 0
(404.000000, 346.000000), (404.000000, 390.000000), 0.009182, -10.945957, 0
(406.000000, 346.000000), (406.000000, 390.000000), 0.006669, -10.941919, 0
(408.000000, 346.000000), (408.000000, 390.000000), 0.008157, -10.941414, 0
(410.000000, 346.000000), (410.000000, 390.000000), 0.018339, -10.944000, 0
(412.000000, 346.000000), (412.000000, 390.000000), 0.015115, -10.947238, 0
(414.000000, 346.000000), (414.000000, 390.000000), 0.022941, -10.937857, 0
(416.000000, 346.000000), (416.000000, 390.000000), 0.029475, -10.953032, 0
(418.000000, 346.000000), (418.000000, 390.000000), 0.041000, -10.951849, 0
(420.000000, 346.000000), (420.000000, 390.000000), 0.045929, -10.953503, 0
(422.000000, 346.000000), (422.000000, 390.000000), 0.052998, -10.944954, 0
(424.000000, 346.000000), (424.000000, 390.000000), 0.052426, -10.939577, 0
(426.000000, 346.000000), (426.000000, 390.000000), 0.045414, -10.938895, 0
(428.000000, 346.000000), (428.000000, 390.000000), 0.056268, -10.949443, 0
(430.000000, 346.000000), (430.000000, 390.000000), 0.064420, -10.950845, 0
(432.000000, 346.000000), (432.000000, 390.000000), 0.079704, -10.936184, 0
(434.000000, 346.000000), (434.000000, 390.000000), 0.078888, -10.936114, 0
(436.000000, 346.000000), (436.000000, 390.000000), 0.077859, -10.949443, 0
(438.000000, 346.000000), (438.000000, 390.000000), 0.086966, -10.938984, 0
(440.000000, 346.000000), (440.000000, 390.000000), 0.099143, -10.949694, 0
(442.000000, 346.000000), (442.000000, 390.000000), 0.092016, -10.950742, 0
(444.000000, 346.000000), (444.000000, 390.000000), 0.903068, -10.940043, 0
(400.000000, 392.000000), (444.000000, 436.000000), -10.018599, -10.037457, 0
(402.000000, 392.000000), (444.000000, 434.000000), 0.001925, -10.022599, 0
(404.000000, 392.000000), (444.000000, 432.000000), -10.004306, -10.027145, 0
(406.000000, 392.000000), (444.000000, 430.000000), 0.013898, -10.036308, 0
(408.000000, 392.000000), (444.000000, 428.000000), 0.002901, -10.028677, 0
(410.000000, 392.000000), (444.000000, 426.000000), 0.024115, -10.036685, 0
(412.000000, 392.000000), (444.000000, 424.000000), 0.017428, -10.034617, 0
(414.000000, 392.000000), (444.000000, 422.000000), 0.023872, -10.023152, 0
(416.000000, 392.000000), (444.000000, 420.000000), 0.029538, -10.031424, 0
(418.000000, 392.000000), (444.000000, 418.000000), 0.040664, -10.036574, 0
(420.000000, 392.000000), (444.000000, 416.000000), 0.037462, -10.036477, 0
(422.000000, 392.000000), (444.000000, 414.000000), 0.043984, -10.020572, 0
(424.000000, 392.000000), (444.000000, 412.000000), 0.059540, -10.031873, 0
(426.000000, 392.000000), (444.000000, 410.000000), 0.049734, -10.033444, 0
(428.000000, 392.000000), (444.000000, 408.000000), 0.062385, -10.022198, 0
(430.000000, 392.000000), (444.000000, 406.000000), 0.056513, -10.026214, 0
(432.000000, 392.000000), (444.000000, 404.000000), 0.060345, -10.021561, 0
(434.000000, 392.000000), (444.000000, 402.000000), 0.076187, -10.033961, 0
(436.000000, 392.000000), (444.000000, 400.000000), 0.081293, -10.029915, 0
(438.000000, 392.000000), (444.000000, 398.000000), 0.084731, -10.025806, 0
(440.000000, 392.000000), (444.000000, 396.000000), 0.081408, -10.031154, 0
(442.000000, 392.000000), (444.000000, 394.000000), 0.902508, -10.031163, 0
(400.000000, 394.000000), (442.000000, 436.000000), -10.005771, -10.028620, 0
(400.000000, 396.000000), (440.000000, 436.000000), -10.014315, -10.026233, 0
(400.000000, 398.000000), (438.000000, 436.000000), -10.005044, -10.023651, 0
(400.000000, 400.000000), (436.000000, 436.000000), -10.012807, -10.017582, 0
(400.000000, 402.000000), (434.000000, 436.000000), -10.015127, 0.001177, 0
(400.000000, 404.000000), (432.000000, 436.000000), -10.018154, -10.005588, 0
(400.000000, 406.000000), (430.000000, 436.000000), -10.015696, 0.001580, 0
(400.000000, 408.000000), (428.000000, 436.000000), -10.009032, 0.016689, 0
(400.000000, 410.000000), (426.000000, 436.000000), -10.015617, 0.017482, 0
(400.000000, 412.000000), (424.000000, 436.000000), -10.009524, 0.014728, 0
(400.000000, 414.000000), (422.000000, 436.000000), -10.009080, 0.016663, 0
(400.000000, 416.000000), (420.000000, 436.000000), -10.009233, 0.022213, 0
(400.000000, 418.000000), (418.000000, 436.000000), -10.008253, 0.025499, 0
(400.000000, 420.000000), (416.000000, 436.000000), -10.003593, 0.043156, 0
(400.000000, 422.000000), (414.000000, 436.000000), -10.010655, 0.048915, 0
(400.000000, 424.000000), (412.000000, 436.000000), -10.018008, 0.043574, 0
(400.000000, 426.000000), (410.000000, 436.000000), -10.019705, 0.052677, 0
(400.000000, 428.000000), (408.000000, 436.000000), -10.012659, 0.065251, 0
(400.000000, 430.000000), (406.000000, 436.000000), -10.010974, 0.069535, 0
(400.000000, 432.000000), (404.000000, 436.000000), -10.002331, 0.073899, 0
(400.000000, 434.000000), (402.000000, 436.000000), -10.009288, 0.084515, 0
(500.000000, 344.000000), (544.000000, 300.000000), 0.248311, -10.944985, 0
(500.000000, 342.000000), (542.000000, 300.000000), 0.236096, -10.955720, 0
(500.000000, 340.000000), (540.000000, 300.000000), 0.241705, -10.959521, 0
(500.000000, 338.000000), (538.000000, 300.000000), 0.231761, -10.972820, 0
(500.000000, 336.000000), (536.000000, 300.000000), 0.245207, -10.967319, 0
(500.000000, 334.000000), (534.000000, 300.000000), 0.233843, -10.979026, 0
(500.000000, 332.000000), (532.000000, 300.000000), 0.244895, -10.974410, 0
(500.000000, 330.000000), (530.000000, 300.000000), 0.236473, -10.983698, 0
(500.000000, 328.000000), (528.000000, 300.000000), 0.238746, -10.984182, 0
(500.000000, 326.000000), (526.000000, 300.000000), 0.235217, -10.994262, 0
(500.000000, 324.000000), (524.000000, 300.000000), 0.249392, -10.204488, 0
(500.000000, 322.000000), (522.000000, 300.000000), 0.248415, -10.208266, 0
(500.000000, 320.000000), (520.000000, 300.000000), 0.230763, -10.212559, 0
(500.000000, 318.000000), (518.000000, 300.000000), 0.231268, -10.206568, 0
(500.000000, 316.000000), (516.000000, 300.000000), 0.231340, -10.218020, 0
(500.000000, 314.000000), (514.000000, 300.000000), 0.247948, -10.215349, 0
(500.000000, 312.000000), (512.000000, 300.000000), 0.236995, -10.235957, 0
(500.000000, 310.000000), (510.000000, 300.000000), 0.238931, -10.226300, 0
(500.000000, 308.000000), (508.000000, 300.000000), 0.244522, -10.239308, 0
(500.000000, 306.000000), (506.000000, 300.000000), 0.230880, -10.245271, 0
(500.000000, 304.000000), (504.000000, 300.000000), 0.233374, -10.255277, 0
(500.000000, 302.000000), (502.000000, 300.000000), 0.245703, -10.246731, 0
(502.000000, 344.000000), (544.000000, 302.000000), 0.235313, -10.957824, 0
(504.000000, 344.000000), (544.000000, 304.000000), 0.249570, -10.950941, 0
(506.000000, 344.000000), (544.000000, 306.000000), 0.262994, -10.945213, 0
(508.000000, 344.000000), (544.000000, 308.000000), 0.269797, -10.942614, 0
(510.000000, 344.000000), (544.000000, 310.000000), 0.255299, -10.941788, 0
(512.000000, 344.000000), (544.000000, 312.000000), 0.264120, -10.958937, 0
(514.000000, 344.000000), (544.000000, 314.000000), 0.270653, -10.954612, 0
(516.000000, 344.000000), (544.000000, 316.000000), 0.289495, -10.953007, 0
(518.000000, 344.000000), (544.000000, 318.000000), 0.292368, -10.942557, 0
(520.000000, 344.000000), (544.000000, 320.000000), 0.286644, -10.955636, 0
(522.000000, 344.000000), (544.000000, 322.000000), 0.286486, -10.944425, 0
(524.000000, 344.000000), (544.000000, 324.000000), 0.293064, -10.943991, 0
(526.000000, 344.000000), (544.000000, 326.000000), 0.301267, -10.956056, 0
(528.000000, 344.000000), (544.000000, 328.000000), 0.305737, -10.950359, 0
(530.000000, 344.000000), (544.000000, 330.000000), 0.313667, -10.958560, 0
(532.000000, 344.000000), (544.000000, 332.000000), 0.317910, -10.951020, 0
(534.000000, 344.000000), (544.000000, 334.000000), 0.318616, -10.942520, 0
(536.000000, 344.000000), (544.000000, 336.000000), 0.338039, -10.958390, 0
(538.000000, 344.000000), (544.000000, 338.000000), 0.337267, -10.942165, 0
(540.000000, 344.000000), (544.000000, 340.000000), 0.348996, -10.947433, 0
(542.000000, 344.000000), (544.000000, 342.000000), 0.351047, -10.956884, 0
(500.000000, 346.000000), (544.000000, 346.000000), 0.243630, -10.953300, 0
(500.000000, 348.000000), (544.000000, 348.000000), 0.238505, -10.936875, 0
(500.000000, 350.000000), (544.000000, 350.000000), 0.238692, -10.939127, 0
(500.000000, 352.000000), (544.000000, 352.000000), 0.240568, -10.924664, 0
(500.000000, 354.000000), (544.000000, 354.000000), 0.240237, -10.922946, 0
(500.000000, 356.000000), (544.000000, 356.000000), 0.240911, -10.916699, 0
(500.000000, 358.000000), (544.000000, 358.000000), 0.238063, -10.907822, 0
(500.000000, 360.000000), (544.000000, 360.000000), 0.247244, -10.906200, 0
(500.000000, 362.000000), (544.000000, 362.000000), 0.236820, -10.909089, 0
(500.000000, 364.000000), (544.000000, 364.000000), 0.245240, -10.095271, 0
(500.000000, 366.000000), (544.000000, 366.000000), 0.244891, -10.086144, 0
(500.000000, 368.000000), (544.000000, 368.000000), 0.242209, -10.087070, 0
(500.000000, 370.000000), (544.000000, 370.000000), 0.230466, -10.090523, 0
(500.000000, 372.000000), (544.000000, 372.000000), 0.240765, -10.070538, 0
(500.000000, 374.000000), (544.000000, 374.000000), 0.247043, -10.078188, 0
(500.000000, 376.000000), (544.000000, 376.000000), 0.232578, -10.069327, 0
(500.000000, 378.000000), (544.000000, 378.000000), 0.238512, -10.063917, 0
(500.000000, 380.000000), (544.000000, 380.000000), 0.233798, -10.052796, 0
(500.000000, 382.000000), (544.000000, 382.000000), 0.246956, -10.050634, 0
(500.000000, 384.000000), (544.000000, 384.000000), 0.242540, -10.052807, 0
(500.000000, 386.000000), (544.000000, 386.000000), 0.236420, -10.051549, 0
(500.000000, 388.000000), (544.000000, 388.000000), 0.230493, -10.035517, 0
(500.000000, 390.000000), (544.000000, 390.000000), 0.230629, -10.027262, 0
(500.000000, 392.000000), (544.000000, 436.000000), 0.238284, -10.032551, 0
(502.000000, 392.000000), (544.000000, 434.000000), 0.238649, -10.036476, 0
(504.000000, 392.000000), (544.000000, 432.000000), 0.242178, -10.021460, 0
(506.000000, 392.000000), (544.000000, 430.000000), 0.247380, -10.025613, 0
(508.000000, 392.000000), (544.000000, 428.000000), 0.261470, -10.037154, 0
(510.000000, 392.000000), (544.000000, 426.000000), 0.273864, -10.037765, 0
(512.000000, 392.000000), (544.000000, 424.000000), 0.262308, -10.024093, 0
(514.000000, 392.000000), (544.000000, 422.000000), 0.274048, -10.035113, 0
(516.000000, 392.000000), (544.000000, 420.000000), 0.276580, -10.022441, 0
(518.000000, 392.000000), (544.000000, 418.000000), 0.290969, -10.029622, 0
(520.000000, 392.000000), (544.000000, 416.000000), 0.294763, -10.027075, 0
(522.000000, 392.000000), (544.000000, 414.000000), 0.289744, -10.032697, 0
(524.000000, 392.000000), (544.000000, 412.000000), 0.290118, -10.028835, 0
(526.000000, 392.000000), (544.000000, 410.000000), 0.305754, -10.039388, 0
(528.000000, 392.000000), (544.000000, 408.000000), 0.305648, -10.028616, 0
(530.000000, 392.000000), (544.000000, 406.000000), 0.323349, -10.026068, 0
(532.000000, 392.000000), (544.000000, 404.000000), 0.328832, -10.038002, 0
(534.000000, 392.000000), (544.000000, 402.000000), 0.332456, -10.038990, 0
(536.000000, 392.000000), (544.000000, 400.000000), 0.320538, -10.020164, 0
(538.000000, 392.000000), (544.000000, 398.000000), 0.340398, -10.027991, 0
(540.000000, 392.000000), (544.000000, 396.000000), 0.332682, -10.025738, 0
(542.000000, 392.000000), (544.000000, 394.000000), 0.349244, -10.035009, 0
(500.000000, 394.000000), (542.000000, 436.000000), 0.240169, -10.031709, 0
(500.000000, 396.000000), (540.000000, 436.000000), 0.239877, -10.013250, 0
(500.000000, 398.000000), (538.000000, 436.000000), 0.230851, -10.019153, 0
(500.000000, 400.000000), (536.000000, 436.000000), 0.237128, -10.004386, 0
(500.000000, 402.000000), (534.000000, 436.000000), 0.248772, -10.003127, 0
(500.000000, 404.000000), (532.000000, 436.000000), 0.232918, 0.008890, 0
(500.000000, 406.000000), (530.000000, 436.000000), 0.233037, 0.008672, 0
(500.000000, 408.000000), (528.000000, 436.000000), 0.249502, 0.008686, 0
(500.000000, 410.000000), (526.000000, 436.000000), 0.235056, 0.022851, 0
(500.000000, 412.000000), (524.000000, 436.000000), 0.232618, 0.013888, 0
(500.000000, 414.000000), (522.000000, 436.000000), 0.249849, 0.015073, 0
(500.000000, 416.000000), (520.000000, 436.000000), 0.234898, 0.020388, 0
(500.000000, 418.000000), (518.000000, 436.000000), 0.249909, 0.025296, 0
(500.000000, 420.000000), (516.000000, 436.000000), 0.242396, 0.032592, 0
(500.000000, 422.000000), (514.000000, 436.000000), 0.244558, 0.041640, 0
(500.000000, 424.000000), (512.000000, 436.000000), 0.237582, 0.044727, 0
(500.000000, 426.000000), (510.000000, 436.000000), 0.239932, 0.062460, 0
(500.000000, 428.000000), (508.000000, 436.000000), 0.231476, 0.060782, 0
(500.000000, 430.000000), (506.000000, 436.000000), 0.233306, 0.063605, 0
(500.000000, 432.000000), (504.000000, 436.000000), 0.236397, 0.062078, 0
(500.000000, 434.000000), (502.000000, 436.000000), 0.230477, 0.074315, 0
(500.000000, 438.000000), (500.000000, 482.000000), 0.230968, 0.078514, 0
(502.000000, 438.000000), (502.000000, 482.000000), 0.237987, 0.075470, 0
(504.000000, 438.000000), (504.000000, 482.000000), 0.252200, 0.083042, 0
(506.000000, 438.000000), (506.000000, 482.000000), 0.263321, 0.089818, 0
(508.000000, 438.000000), (508.000000, 482.000000), 0.261930, 0.093170, 0
(510.000000, 438.000000), (510.000000, 482.000000), 0.269891, 0.091829, 0
(512.000000, 438.000000), (512.000000, 482.000000), 0.278558, 0.089801, 0
(514.000000, 438.000000), (514.000000, 482.000000), 0.282125, 0.085954, 0
(516.000000, 438.000000), (516.000000, 482.000000), 0.287392, 0.086682, 0
(518.000000, 438.000000), (518.000000, 482.000000), 0.292594, 0.079975, 0
(520.000000, 438.000000), (520.000000, 482.000000), 0.296409, 0.082526, 0
(522.000000, 438.000000), (522.000000, 482.000000), 0.287434, 0.092886, 0
(524.000000, 438.000000), (524.000000, 482.000000), 0.308308, 0.080740, 0
(526.000000, 438.000000), (526.000000, 482.000000), 0.301490, 0.079705, 0
(528.000000, 438.000000), (528.000000, 482.000000), 0.307818, 0.081967, 0
(530.000000, 438.000000), (530.000000, 482.000000), 0.319020, 0.083787, 0
(532.000000, 438.000000), (532.000000, 482.000000), 0.320482, 0.092006, 0
(534.000000, 438.000000), (534.000000, 482.000000), 0.324256, 0.077682, 0
(536.000000, 438.000000), (536.000000, 482.000000), 0.325049, 0.082577, 0
(538.000000, 438.000000), (538.000000, 482.000000), 0.342500, 0.091979, 0
(540.000000, 438.000000), (540.000000, 482.000000), 0.335747, 0.087391, 0
(542.000000, 438.000000), (542.000000, 482.000000), 0.348808, 0.079305, 0
(544.000000, 438.000000), (544.000000, 482.000000), 0.347191, 0.085933, 0
(500.000000, 528.000000), (544.000000, 484.000000), 0.245259, 0.304584, 0
(500.000000, 526.000000), (542.000000, 484.000000), 0.232615, 0.307854, 0
(500.000000, 524.000000), (540.000000, 484.000000), 0.239558, 0.309024, 0
(500.000000, 522.000000), (538.000000, 484.000000), 0.230380, 0.296993, 0
(500.000000, 520.000000), (536.000000, 484.000000), 0.246910, 0.298688, 0
(500.000000, 518.000000), (534.000000, 484.000000), 0.247733, 0.278400, 0
(500.000000, 516.000000), (532.000000, 484.000000), 0.233393, 0.275552, 0
(500.000000, 514.000000), (530.000000, 484.000000), 0.240368, 0.282413, 0
(500.000000, 512.000000), (528.000000, 484.000000), 0.244338, 0.260849, 0
(500.000000, 510.000000), (526.000000, 484.000000), 0.244419, 0.258595, 0
(500.000000, 508.000000), (524.000000, 484.000000), 0.233531, 0.269468, 0
(500.000000, 506.000000), (522.000000, 484.000000), 0.241172, 0.246031, 0
(500.000000, 504.000000), (520.000000, 484.000000), 0.246447, 0.256919, 0
(500.000000, 502.000000), (518.000000, 484.000000), 0.243421, 0.245255, 0
(500.000000, 500.000000), (516.000000, 484.000000), 0.231225, 0.230613, 0
(500.000000, 498.000000), (514.000000, 484.000000), 0.231187, 0.241484, 0
(500.000000, 496.000000), (512.000000, 484.000000), 0.235196, 0.223802, 0
(500.000000, 494.000000), (510.000000, 484.000000), 0.239338, 0.229755, 0
(500.000000, 492.000000), (508.000000, 484.000000), 0.232827, 0.219717, 0
(500.000000, 490.000000), (506.000000, 484.000000), 0.236747, 0.224736, 0
(500.000000, 488.000000), (504.000000, 484.000000), 0.238405, 0.204480, 0
(500.000000, 486.000000), (502.000000, 484.000000), 0.233137, 0.206798, 0
(502.000000, 528.000000), (544.000000, 486.000000), 0.245032, 0.313504, 0
(504.000000, 528.000000), (544.000000, 488.000000), 0.249211, 0.304370, 0
(506.000000, 528.000000), (544.000000, 490.000000), 0.259353, 0.303630, 0
(508.000000, 528.000000), (544.000000, 492.000000), 0.257965, 0.317885, 0
(510.000000, 528.000000), (544.000000, 494.000000), 0.258098, 0.319137, 0
(512.000000, 528.000000), (544.000000, 496.000000), 0.278915, 0.319545, 0
(514.000000, 528.000000), (544.000000, 498.000000), 0.281056, 0.312336, 0
(516.000000, 528.000000), (544.000000, 500.000000), 0.279800, 0.317281, 0
(518.000000, 528.000000), (544.000000, 502.000000), 0.287949, 0.310987, 0
(520.000000, 528.000000), (544.000000, 504.000000), 0.293765, 0.318145, 0
(522.000000, 528.000000), (544.000000, 506.000000), 0.299790, 0.303102, 0
(524.000000, 528.000000), (544.000000, 508.000000), 0.302900, 0.317616, 0
(526.000000, 528.000000), (544.000000, 510.000000), 0.307820, 0.319647, 0
(528.000000, 528.000000), (544.000000, 512.000000), 0.317353, 0.301225, 0
(530.000000, 528.000000), (544.000000, 514.000000), 0.309127, 0.300489, 0
(532.000000, 528.000000), (544.000000, 516.000000), 0.323024, 0.314159, 0
(534.000000, 528.000000), (544.000000, 518.000000), 0.328994, 0.302235, 0
(536.000000, 528.000000), (544.000000, 520.000000), 0.338529, 0.308347, 0
(538.000000, 528.000000), (544.000000, 522.000000), 0.330865, 0.306494, 0
(540.000000, 528.000000), (544.000000, 524.000000), 0.336232, 0.308963, 0
(542.000000, 528.000000), (544.000000, 526.000000), 0.340631, 0.305147, 0
(600.000000, 344.000000), (644.000000, 300.000000), 0.488509, -10.958313, 0
(600.000000, 342.000000), (642.000000, 300.000000), 0.497483, -10.946691, 0
(600.000000, 340.000000), (640.000000, 300.000000), 0.498967, -10.959568, 0
(600.000000, 338.000000), (638.000000, 300.000000), 0.489296, -10.962268, 0
(600.000000, 336.000000), (636.000000, 300.000000), 0.488577, -10.975914, 0
(600.000000, 334.000000), (634.000000, 300.000000), 0.495835, -10.983523, 0
(600.000000, 332.000000), (632.000000, 300.000000), 0.481702, -10.981346, 0
(600.000000, 330.000000), (630.000000, 300.000000), 0.481124, -10.975946, 0
(600.000000, 328.000000), (628.000000, 300.000000), 0.489879, -10.994749, 0
(600.000000, 326.000000), (626.000000, 300.000000), 0.499544, -10.202097, 0
(600.000000, 324.000000), (624.000000, 300.000000), 0.499410, -10.996463, 0
(600.000000, 322.000000), (622.000000, 300.000000), 0.485138, -10.997061, 0
(600.000000, 320.000000), (620.000000, 300.000000), 0.481884, -10.208997, 0
(600.000000, 318.000000), (618.000000, 300.000000), 0.484433, -10.216884, 0
(600.000000, 316.000000), (616.000000, 300.000000), 0.499966, -10.219936, 0
(600.000000, 314.000000), (614.000000, 300.000000), 0.493263, -10.226525, 0
(600.000000, 312.000000), (612.000000, 300.000000), 0.491750, -10.229254, 0
(600.000000, 310.000000), (610.000000, 300.000000), 0.486784, -10.234282, 0
(600.000000, 308.000000), (608.000000, 300.000000), 0.481178, -10.233920, 0
(600.000000, 306.000000), (606.000000, 300.000000), 0.483450, -10.245245, 0
(600.000000, 304.000000), (604.000000, 300.000000), 0.480165, -10.240715, 0
(600.000000, 302.000000), (602.000000, 300.000000), 0.491233, -10.263133, 0
(602.000000, 344.000000), (644.000000, 302.000000), 0.492939, -10.947644, 0
(604.000000, 344.000000), (644.000000, 304.000000), 0.490921, -10.942182, 0
(606.000000, 344.000000), (644.000000, 306.000000), 0.512608, -10.959535, 0
(608.000000, 344.000000), (644.000000, 308.000000), 0.500721, -10.942982, 0
(610.000000, 344.000000), (644.000000, 310.000000), 0.519002, -10.954141, 0
(612.000000, 344.000000), (644.000000, 312.000000), 0.524957, -10.944114, 0
(614.000000, 344.000000), (644.000000, 314.000000), 0.531862, -10.940610, 0
(616.000000, 344.000000), (644.000000, 316.000000), 0.524002, -10.943172, 0
(618.000000, 344.000000), (644.000000, 318.000000), 0.534454, -10.942735, 0
(620.000000, 344.000000), (644.000000, 320.000000), 0.535303, -10.958796, 0
(622.000000, 344.000000), (644.000000, 322.000000), 0.543011, -10.947913, 0
(624.000000, 344.000000), (644.000000, 324.000000), 0.551922, -10.950811, 0
(626.000000, 344.000000), (644.000000, 326.000000), 0.553166, -10.944628, 0
(628.000000, 344.000000), (644.000000, 328.000000), 0.568944, -10.951668, 0
(630.000000, 344.000000), (644.000000, 330.000000), 0.569656, -10.949823, 0
(632.000000, 344.000000), (644.000000, 332.000000), 0.570199, -10.957405, 0
(634.000000, 344.000000), (644.000000, 334.000000), 0.567533, -10.948880, 0
(636.000000, 344.000000), (644.000000, 336.000000), 0.570413, -10.959859, 0
(638.000000, 344.000000), (644.000000, 338.000000), 0.586585, -10.958865, 0
(640.000000, 344.000000), (644.000000, 340.000000), 0.597158, -10.954413, 0
(642.000000, 344.000000), (644.000000, 342.000000), 0.591994, -10.947885, 0
(600.000000, 392.000000), (644.000000, 392.000000), 0.481473, -10.036145, 1
(600.000000, 394.000000), (644.000000, 394.000000), 0.491505, -10.029524, 1
(600.000000, 396.000000), (644.000000, 396.000000), 0.480683, -10.029041, 1
(600.000000, 398.000000), (644.000000, 398.000000), 0.482740, -10.019013, 1
(600.000000, 400.000000), (644.000000, 400.000000), 0.482163, -10.009249, 1
(600.000000, 402.000000), (644.000000, 402.000000), 0.498073, -10.000915, 1
(600.000000, 404.000000), (644.000000, 404.000000), 0.499939, -10.003760, 1
(600.000000, 406.000000), (644.000000, 406.000000), 0.489457, 0.013883, 1
(600.000000, 408.000000), (644.000000, 408.000000), 0.494571, 0.004113, 1
(600.000000, 410.000000), (644.000000, 410.000000), 0.489060, 0.009770, 1
(600.000000, 412.000000), (644.000000, 412.000000), 0.486708, 0.021593, 1
(600.000000, 414.000000), (644.000000, 414.000000), 0.495890, 0.022122, 1
(600.000000, 416.000000), (644.000000, 416.000000), 0.491734, 0.027474, 1
(600.000000, 418.000000), (644.000000, 418.000000), 0.488256, 0.033892, 1
(600.000000, 420.000000), (644.000000, 420.000000), 0.493061, 0.045250, 1
(600.000000, 422.000000), (644.000000, 422.000000), 0.481007, 0.049535, 1
(600.000000, 424.000000), (644.000000, 424.000000), 0.499105, 0.052512, 1
(600.000000, 426.000000), (644.000000, 426.000000), 0.480010, 0.064789, 1
(600.000000, 428.000000), (644.000000, 428.000000), 0.493471, 0.052750, 1
(600.000000, 430.000000), (644.000000, 430.000000), 0.485775, 0.070634, 1
(600.000000, 432.000000), (644.000000, 432.000000), 0.493501, 0.063849, 1
(600.000000, 434.000000), (644.000000, 434.000000), 0.489718, 0.078441, 1
(600.000000, 436.000000), (644.000000, 436.000000), 0.490088, 0.089175, 1
(600.000000, 438.000000), (600.000000, 482.000000), 0.492324, 0.079660, 1
(602.000000, 438.000000), (602.000000, 482.000000), 0.488288, 0.076384, 1
(604.000000, 438.000000), (604.000000, 482.000000), 0.499429, 0.084996, 1
(606.000000, 438.000000), (606.000000, 482.000000), 0.507977, 0.080319, 1
(608.000000, 438.000000), (608.000000, 482.000000), 0.517118, 0.079711, 1
(610.000000, 438.000000), (610.000000, 482.000000), 0.517793, 0.080374, 1
(612.000000, 438.000000), (612.000000, 482.000000), 0.523603, 0.080855, 1
(614.000000, 438.000000), (614.000000, 482.000000), 0.515624, 0.089611, 1
(616.000000, 438.000000), (616.000000, 482.000000), 0.520389, 0.094729, 1
(618.000000, 438.000000), (618.000000, 482.000000), 0.532123, 0.075399, 1
(620.000000, 438.000000), (620.000000, 482.000000), 0.549518, 0.075594, 1
(622.000000, 438.000000), (622.000000, 482.000000), 0.538150, 0.080293, 1
(624.000000, 438.000000), (624.000000, 482.000000), 0.556227, 0.091651, 1
(626.000000, 438.000000), (626.000000, 482.000000), 0.554141, 0.080946, 1
(628.000000, 438.000000), (628.000000, 482.000000), 0.560092, 0.094230, 1
(630.000000, 438.000000), (630.000000, 482.000000), 0.560121, 0.077416, 1
(632.000000, 438.000000), (632.000000, 482.000000), 0.563889, 0.083409, 1
(634.000000, 438.000000), (634.000000, 482.000000), 0.568800, 0.088319, 1
(636.000000, 438.000000), (636.000000, 482.000000), 0.588405, 0.091777, 1
(638.000000, 438.000000), (638.000000, 482.000000), 0.593637, 0.090522, 1
(640.000000, 438.000000), (640.000000, 482.000000), 0.581488, 0.086431, 1
(642.000000, 438.000000), (642.000000, 482.000000), 0.585896, 0.090092, 1
(644.000000, 438.000000), (644.000000, 482.000000), 0.607285, 0.076520, 1
(600.000000, 484.000000), (644.000000, 528.000000), 0.489702, 0.207675, 1
(602.000000, 484.000000), (644.000000, 526.000000), 0.486249, 0.206825, 1
(604.000000, 484.000000), (644.000000, 524.000000), 0.508074, 0.990766, 1
(606.000000, 484.000000), (644.000000, 522.000000), 0.512419, 0.991224, 1
(608.000000, 484.000000), (644.000000, 520.000000), 0.506059, 0.203646, 1
(610.000000, 484.000000), (644.000000, 518.000000), 0.522875, 0.205201, 1
(612.000000, 484.000000), (644.000000, 516.000000), 0.529592, 0.997967, 1
(614.000000, 484.000000), (644.000000, 514.000000), 0.529430, 0.994713, 1
(616.000000, 484.000000), (644.000000, 512.000000), 0.530383, 0.208320, 1
(618.000000, 484.000000), (644.000000, 510.000000), 0.538122, 0.204183, 1
(620.000000, 484.000000), (644.000000, 508.000000), 0.541638, 0.201526, 1
(622.000000, 484.000000), (644.000000, 506.000000), 0.545960, 0.200276, 1
(624.000000, 484.000000), (644.000000, 504.000000), 0.547048, 0.202448, 1
(626.000000, 484.000000), (644.000000, 502.000000), 0.546706, 0.997944, 1
(628.000000, 484.000000), (644.000000, 500.000000), 0.557540, 0.208992, 1
(630.000000, 484.000000), (644.000000, 498.000000), 0.564464, 0.207242, 1
(632.000000, 484.000000), (644.000000, 496.000000), 0.576666, 0.200713, 1
(634.000000, 484.000000), (644.000000, 494.000000), 0.579068, 0.204740, 1
(636.000000, 484.000000), (644.000000, 492.000000), 0.581479, 0.201486, 1
(638.000000, 484.000000), (644.000000, 490.000000), 0.590964, 0.207538, 1
(640.000000, 484.000000), (644.000000, 488.000000), 0.585133, 0.203839, 1
(642.000000, 484.000000), (644.000000, 486.000000), 0.597739, 0.994725, 1
(600.000000, 486.000000), (642.000000, 528.000000), 0.481806, 0.202169, 1
(600.000000, 488.000000), (640.000000, 528.000000), 0.489438, 0.212189, 1
(600.000000, 490.000000), (638.000000, 528.000000), 0.485489, 0.207559, 1
(600.000000, 492.000000), (636.000000, 528.000000), 0.486372, 0.227127, 1
(600.000000, 494.000000), (634.000000, 528.000000), 0.494085, 0.232331, 1
(600.000000, 496.000000), (632.000000, 528.000000), 0.487402, 0.221134, 1
(600.000000, 498.000000), (630.000000, 528.000000), 0.489780, 0.234108, 1
(600.000000, 500.000000), (628.000000, 528.000000), 0.489078, 0.247320, 1
(600.000000, 502.000000), (626.000000, 528.000000), 0.488100, 0.253542, 1
(600.000000, 504.000000), (624.000000, 528.000000), 0.494562, 0.244766, 1
(600.000000, 506.000000), (622.000000, 528.000000), 0.489255, 0.253630, 1
(600.000000, 508.000000), (620.000000, 528.000000), 0.499506, 0.250734, 1
(600.000000, 510.000000), (618.000000, 528.000000), 0.480117, 0.270471, 1
(600.000000, 512.000000), (616.000000, 528.000000), 0.498273, 0.265249, 1
(600.000000, 514.000000), (614.000000, 528.000000), 0.489310, 0.276011, 1
(600.000000, 516.000000), (612.000000, 528.000000), 0.489974, 0.281116, 1
(600.000000, 518.000000), (610.000000, 528.000000), 0.498180, 0.294412, 1
(600.000000, 520.000000), (608.000000, 528.000000), 0.483305, 0.283669, 1
(600.000000, 522.000000), (606.000000, 528.000000), 0.481972, 0.294677, 1
(600.000000, 524.000000), (604.000000, 528.000000), 0.480795, 0.306057, 1
(600.000000, 526.000000), (602.000000, 528.000000), 0.487008, 0.303198, 1
(700.000000, 344.000000), (744.000000, 300.000000), 0.747191, -10.943212, 0
(700.000000, 342.000000), (742.000000, 300.000000), 0.747306, -10.958731, 0
(700.000000, 340.000000), (740.000000, 300.000000), 0.744108, -10.964594, 0
(700.000000, 338.000000), (738.000000, 300.000000), 0.734812, -10.966329, 0
(700.000000, 336.000000), (736.000000, 300.000000), 0.740172, -10.965933, 0
(700.000000, 334.000000), (734.000000, 300.000000), 0.747301, -10.975322, 0
(700.000000, 332.000000), (732.000000, 300.000000), 0.744801, -10.972583, 0
(700.000000, 330.000000), (730.000000, 300.000000), 0.735149, -10.981926, 0
(700.000000, 328.000000), (728.000000, 300.000000), 0.732667, -10.985541, 0
(700.000000, 326.000000), (726.000000, 300.000000), 0.734085, -10.992359, 0
(700.000000, 324.000000), (724.000000, 300.000000), 0.735575, -10.207735, 0
(700.000000, 322.000000), (722.000000, 300.000000), 0.742053, -10.206119, 0
(700.000000, 320.000000), (720.000000, 300.000000), 0.735934, -10.205975, 0
(700.000000, 318.000000), (718.000000, 300.000000), 0.748557, -10.218270, 0
(700.000000, 316.000000), (716.000000, 300.000000), 0.740082, -10.224434, 0
(700.000000, 314.000000), (714.000000, 300.000000), 0.744927, -10.227727, 0
(700.000000, 312.000000), (712.000000, 300.000000), 0.732354, -10.227767, 0
(700.000000, 310.000000), (710.000000, 300.000000), 0.743542, -10.228538, 0
(700.000000, 308.000000), (708.000000, 300.000000), 0.747639, -10.231646, 0
(700.000000, 306.000000), (706.000000, 300.000000), 0.735133, -10.247189, 0
(700.000000, 304.000000), (704.000000, 300.000000), 0.742420, -10.257567, 0
(700.000000, 302.000000), (702.000000, 300.000000), 0.747490, -10.257778, 0
(702.000000, 344.000000), (744.000000, 302.000000), 0.754851, -10.957361, 0
(704.000000, 344.000000), (744.000000, 304.000000), 0.740295, -10.957483, 0
(706.000000, 344.000000), (744.000000, 306.000000), 0.762098, -10.955620, 0
(708.000000, 344.000000), (744.000000, 308.000000), 0.765158, -10.957327, 0
(710.000000, 344.000000), (744.000000, 310.000000), 0.761646, -10.952788, 0
(712.000000, 344.000000), (744.000000, 312.000000), 0.771553, -10.947420, 0
(714.000000, 344.000000), (744.000000, 314.000000), 0.766237, -10.949889, 0
(716.000000, 344.000000), (744.000000, 316.000000), 0.789310, -10.948681, 0
(718.000000, 344.000000), (744.000000, 318.000000), 0.790676, -10.945763, 0
(720.000000, 344.000000), (744.000000, 320.000000), 0.798592, -10.941970, 0
(722.000000, 344.000000), (744.000000, 322.000000), 0.791470, -10.947866, 0
(724.000000, 344.000000), (744.000000, 324.000000), 0.804492, -10.955890, 0
(726.000000, 344.000000), (744.000000, 326.000000), 0.805487, -10.940375, 0
(728.000000, 344.000000), (744.000000, 328.000000), 0.811921, -10.957092, 0
(730.000000, 344.000000), (744.000000, 330.000000), 0.807058, -10.950590, 0
(732.000000, 344.000000), (744.000000, 332.000000), 0.820129, -10.958092, 0
(734.000000, 344.000000), (744.000000, 334.000000), 0.827049, -10.949575, 0
(736.000000, 344.000000), (744.000000, 336.000000), 0.824426, -10.950853, 0
(738.000000, 344.000000), (744.000000, 338.000000), 0.839805, -10.940416, 0
(740.000000, 344.000000), (744.000000, 340.000000), 0.841820, -10.958549, 0
(742.000000, 344.000000), (744.000000, 342.000000), 0.841796, -10.956627, 0
(746.000000, 300.000000), (790.000000, 300.000000), 0.859031, -10.261967, 0
(746.000000, 302.000000), (790.000000, 302.000000), 0.858484, -10.251659, 0
(746.000000, 304.000000), (790.000000, 304.000000), 0.864351, -10.250840, 0
(746.000000, 306.000000), (790.000000, 306.000000), 0.852578, -10.237057, 0
(746.000000, 308.000000), (790.000000, 308.000000), 0.852190, -10.235952, 0
(746.000000, 310.000000), (790.000000, 310.000000), 0.855077, -10.243318, 0
(746.000000, 312.000000), (790.000000, 312.000000), 0.863158, -10.239436, 0
(746.000000, 314.000000), (790.000000, 314.000000), 0.846307, -10.224921, 0
(746.000000, 316.000000), (790.000000, 316.000000), 0.848472, -10.226635, 0
(746.000000, 318.000000), (790.000000, 318.000000), 0.864489, -10.211399, 0
(746.000000, 320.000000), (790.000000, 320.000000), 0.850273, -10.208462, 0
(746.000000, 322.000000), (790.000000, 322.000000), 0.849026, -10.205301, 0
(746.000000, 324.000000), (790.000000, 324.000000), 0.845685, -10.991169, 0
(746.000000, 326.000000), (790.000000, 326.000000), 0.854283, -10.992495, 0
(746.000000, 328.000000), (790.000000, 328.000000), 0.845281, -10.983921, 0
(746.000000, 330.000000), (790.000000, 330.000000), 0.860878, -10.980688, 0
(746.000000, 332.000000), (790.000000, 332.000000), 0.849112, -10.980638, 0
(746.000000, 334.000000), (790.000000, 334.000000), 0.852653, -10.981537, 0
(746.000000, 336.000000), (790.000000, 336.000000), 0.863522, -10.964769, 0
(746.000000, 338.000000), (790.000000, 338.000000), 0.846406, -10.969287, 0
(746.000000, 340.000000), (790.000000, 340.000000), 0.854279, -10.958517, 0
(746.000000, 342.000000), (790.000000, 342.000000), 0.852395, -10.957563, 0
(746.000000, 344.000000), (790.000000, 344.000000), 0.857047, -10.951298, 0
(792.000000, 300.000000), (836.000000, 344.000000), 0.977516, -10.254481, 0
(794.000000, 300.000000), (836.000000, 342.000000), 0.977067, -10.252995, 0
(796.000000, 300.000000), (836.000000, 340.000000), 0.979120, -10.252659, 0
(798.000000, 300.000000), (836.000000, 338.000000), 0.983543, -10.256855, 0
(800.000000, 300.000000), (836.000000, 336.000000), 0.987040, -10.260771, 0
(802.000000, 300.000000), (836.000000, 334.000000), 0.996976, -10.253677, 0
(804.000000, 300.000000), (836.000000, 332.000000), 0.991734, -10.257743, 0
(806.000000, 300.000000), (836.000000, 330.000000), 1.007402, -10.252388, 0
(808.000000, 300.000000), (836.000000, 328.000000), 1.006570, -10.253486, 0
(810.000000, 300.000000), (836.000000, 326.000000), 1.011974, -10.255777, 0
(812.000000, 300.000000), (836.000000, 324.000000), 1.029978, -10.264504, 0
(814.000000, 300.000000), (836.000000, 322.000000), 1.024453, -10.268616, 0
(816.000000, 300.000000), (836.000000, 320.000000), 1.031209, -10.251267, 0
(818.000000, 300.000000), (836.000000, 318.000000), 1.037866, -10.251396, 0
(820.000000, 300.000000), (836.000000, 316.000000), 1.036170, -10.265087, 0
(822.000000, 300.000000), (836.000000, 314.000000), 1.042306, -10.266315, 0
(824.000000, 300.000000), (836.000000, 312.000000), 1.040432, -10.250627, 0
(826.000000, 300.000000), (836.000000, 310.000000), 1.045691, -10.260449, 0
(828.000000, 300.000000), (836.000000, 308.000000), 1.066714, -10.260766, 0
(830.000000, 300.000000), (836.000000, 306.000000), 1.057697, -10.266246, 0
(832.000000, 300.000000), (836.000000, 304.000000), 1.078463, -10.255327, 0
(834.000000, 300.000000), (836.000000, 302.000000), 1.065077, -10.269804, 0
(792.000000, 302.000000), (834.000000, 344.000000), 0.966930, -10.252521, 0
(792.000000, 304.000000), (832.000000, 344.000000), 0.977808, -10.246501, 0
(792.000000, 306.000000), (830.000000, 344.000000), 0.968993, -10.250219, 0
(792.000000, 308.000000), (828.000000, 344.000000), 0.967722, -10.241029, 0
(792.000000, 310.000000), (826.000000, 344.000000), 0.970277, -10.227825, 0
(792.000000, 312.000000), (824.000000, 344.000000), 0.970355, -10.238514, 0
(792.000000, 314.000000), (822.000000, 344.000000), 0.975908, -10.231779, 0
(792.000000, 316.000000), (820.000000, 344.000000), 0.960089, -10.227923, 0
(792.000000, 318.000000), (818.000000, 344.000000), 0.968134, -10.217605, 0
(792.000000, 320.000000), (816.000000, 344.000000), 0.965763, -10.211434, 0
(792.000000, 322.000000), (814.000000, 344.000000), 0.966769, -10.208547, 0
(792.000000, 324.000000), (812.000000, 344.000000), 0.978118, -10.206517, 0
(792.000000, 326.000000), (810.000000, 344.000000), 0.975687, -10.204186, 0
(792.000000, 328.000000), (808.000000, 344.000000), 0.967236, -10.985850, 0
(792.000000, 330.000000), (806.000000, 344.000000), 0.975487, -10.987687, 0
(792.000000, 332.000000), (804.000000, 344.000000), 0.974346, -10.987583, 0
(792.000000, 334.000000), (802.000000, 344.000000), 0.979792, -10.972846, 0
(792.000000, 336.000000), (800.000000, 344.000000), 0.975916, -10.971215, 0
(792.000000, 338.000000), (798.000000, 344.000000), 0.976935, -10.971362, 0
(792.000000, 340.000000), (796.000000, 344.000000), 0.977756, -10.962788, 0
(792.000000, 342.000000), (794.000000, 344.000000), 0.960813, -10.956889, 0
(746.000000, 436.000000), (790.000000, 392.000000), 0.853698, 0.086721, 0
(746.000000, 434.000000), (788.000000, 392.000000), 0.856332, 0.073787, 0
(746.000000, 432.000000), (786.000000, 392.000000), 0.863798, 0.079467, 0
(746.000000, 430.000000), (784.000000, 392.000000), 0.861182, 0.059561, 0
(746.000000, 428.000000), (782.000000, 392.000000), 0.853033, 0.052951, 0
(746.000000, 426.000000), (780.000000, 392.000000), 0.856015, 0.051151, 0
(746.000000, 424.000000), (778.000000, 392.000000), 0.851434, 0.046702, 0
(746.000000, 422.000000), (776.000000, 392.000000), 0.851965, 0.048670, 0
(746.000000, 420.000000), (774.000000, 392.000000), 0.845852, 0.032452, 0
(746.000000, 418.000000), (772.000000, 392.000000), 0.845982, 0.040198, 0
(746.000000, 416.000000), (770.000000, 392.000000), 0.849869, 0.020774, 0
(746.000000, 414.000000), (768.000000, 392.000000), 0.852352, 0.015785, 0
(746.000000, 412.000000), (766.000000, 392.000000), 0.854560, 0.014287, 0
(746.000000, 410.000000), (764.000000, 392.000000), 0.849423, 0.012316, 0
(746.000000, 408.000000), (762.000000, 392.000000), 0.856499, 0.005236, 0
(746.000000, 406.000000), (760.000000, 392.000000), 0.860427, -10.004803, 0
(746.000000, 404.000000), (758.000000, 392.000000), 0.846957, -10.003240, 0
(746.000000, 402.000000), (756.000000, 392.000000), 0.853984, -10.014245, 0
(746.000000, 400.000000), (754.000000, 392.000000), 0.851226, -10.014834, 0
(746.000000, 398.000000), (752.000000, 392.000000), 0.850316, -10.010741, 0
(746.000000, 396.000000), (750.000000, 392.000000), 0.853117, -10.013669, 0
(746.000000, 394.000000), (748.000000, 392.000000), 0.845410, -10.020449, 0
(748.000000, 436.000000), (790.000000, 394.000000), 0.853033, 0.077375, 0
(750.000000, 436.000000), (790.000000, 396.000000), 0.863220, 0.073885, 0
(752.000000, 436.000000), (790.000000, 398.000000), 0.869827, 0.079203, 0
(754.000000, 436.000000), (790.000000, 400.000000), 0.884084, 0.084695, 0
(756.000000, 436.000000), (790.000000, 402.000000), 0.879977, 0.076436, 0
(758.000000, 436.000000), (790.000000, 404.000000), 0.890480, 0.089537, 0
(760.000000, 436.000000), (790.000000, 406.000000), 0.890723, 0.089903, 0
(762.000000, 436.000000), (790.000000, 408.000000), 0.891853, 0.072223, 0
(764.000000, 436.000000), (790.000000, 410.000000), 0.895138, 0.072280, 0
(766.000000, 436.000000), (790.000000, 412.000000), 0.897420, 0.077095, 0
(768.000000, 436.000000), (790.000000, 414.000000), 0.909040, 0.081403, 0
(770.000000, 436.000000), (790.000000, 416.000000), 0.912850, 0.085266, 0
(772.000000, 436.000000), (790.000000, 418.000000), 0.926570, 0.083166, 0
(774.000000, 436.000000), (790.000000, 420.000000), 0.924525, 0.074687, 0
(776.000000, 436.000000), (790.000000, 422.000000), 0.929497, 0.079935, 0
(778.000000, 436.000000), (790.000000, 424.000000), 0.944238, 0.082530, 0
(780.000000, 436.000000), (790.000000, 426.000000), 0.947310, 0.077458, 0
(782.000000, 436.000000), (790.000000, 428.000000), 0.951415, 0.077136, 0
(784.000000, 436.000000), (790.000000, 430.000000), 0.956661, 0.085499, 0
(786.000000, 436.000000), (790.000000, 432.000000), 0.946832, 0.076638, 0
(788.000000, 436.000000), (790.000000, 434.000000), 0.951935, 0.087312, 0
(746.000000, 438.000000), (746.000000, 482.000000), 0.851175, 0.087658, 0
(748.000000, 438.000000), (748.000000, 482.000000), 0.867214, 0.088028, 0
(750.000000, 438.000000), (750.000000, 482.000000), 0.869881, 0.077352, 0
(752.000000, 438.000000), (752.000000, 482.000000), 0.875309, 0.092300, 0
(754.000000, 438.000000), (754.000000, 482.000000), 0.874447, 0.079349, 0
(756.000000, 438.000000), (756.000000, 482.000000), 0.878704, 0.092297, 0
(758.000000, 438.000000), (758.000000, 482.000000), 0.894615, 0.080274, 0
(760.000000, 438.000000), (760.000000, 482.000000), 0.890463, 0.084140, 0
(762.000000, 438.000000), (762.000000, 482.000000), 0.894961, 0.094960, 0
(764.000000, 438.000000), (764.000000, 482.000000), 0.909075, 0.084198, 0
(766.000000, 438.000000), (766.000000, 482.000000), 0.907490, 0.091385, 0
(768.000000, 438.000000), (768.000000, 482.000000), 0.916656, 0.083905, 0
(770.000000, 438.000000), (770.000000, 482.000000), 0.908522, 0.088317, 0
(772.000000, 438.000000), (772.000000, 482.000000), 0.914404, 0.080353, 0
(774.000000, 438.000000), (774.000000, 482.000000), 0.934956, 0.081339, 0
(776.000000, 438.000000), (776.000000, 482.000000), 0.922665, 0.081131, 0
(778.000000, 438.000000), (778.000000, 482.000000), 0.943997, 0.094879, 0
(780.000000, 438.000000), (780.000000, 482.000000), 0.949159, 0.088878, 0
(782.000000, 438.000000), (782.000000, 482.000000), 0.937231, 0.089467, 0
(784.000000, 438.000000), (784.000000, 482.000000), 0.951179, 0.086678, 0
(786.000000, 438.000000), (786.000000, 482.000000), 0.963816, 0.094883, 0
(788.000000, 438.000000), (788.000000, 482.000000), 0.958975, 0.093431, 0
(790.000000, 438.000000), (790.000000, 482.000000), 0.960156, 0.094438, 0
(746.000000, 484.000000), (790.000000, 528.000000), 0.852572, 0.205117, 0
(748.000000, 484.000000), (790.000000, 526.000000), 0.869398, 0.996647, 0
(750.000000, 484.000000), (790.000000, 524.000000), 0.859315, 0.201888, 0
(752.000000, 484.000000), (790.000000, 522.000000), 0.863032, 0.990972, 0
(754.000000, 484.000000), (790.000000, 520.000000), 0.865793, 0.996554, 0
(756.000000, 484.000000), (790.000000, 518.000000), 0.884289, 0.995197, 0
(758.000000, 484.000000), (790.000000, 516.000000), 0.886907, 0.204245, 0
(760.000000, 484.000000), (790.000000, 514.000000), 0.891536, 0.204572, 0
(762.000000, 484.000000), (790.000000, 512.000000), 0.885375, 0.200533, 0
(764.000000, 484.000000), (790.000000, 510.000000), 0.904451, 0.209534, 0
(766.000000, 484.000000), (790.000000, 508.000000), 0.899411, 0.206682, 0
(768.000000, 484.000000), (790.000000, 506.000000), 0.914002, 0.205590, 0
(770.000000, 484.000000), (790.000000, 504.000000), 0.913361, 0.202818, 0
(772.000000, 484.000000), (790.000000, 502.000000), 0.925473, 0.207336, 0
(774.000000, 484.000000), (790.000000, 500.000000), 0.926249, 0.990629, 0
(776.000000, 484.000000), (790.000000, 498.000000), 0.936774, 0.208821, 0
(778.000000, 484.000000), (790.000000, 496.000000), 0.940746, 0.206172, 0
(780.000000, 484.000000), (790.000000, 494.000000), 0.935468, 0.990061, 0
(782.000000, 484.000000), (790.000000, 492.000000), 0.943060, 0.998500, 0
(784.000000, 484.000000), (790.000000, 490.000000), 0.941032, 0.998853, 0
(786.000000, 484.000000), (790.000000, 488.000000), 0.960054, 0.205321, 0
(788.000000, 484.000000), (790.000000, 486.000000), 0.964050, 0.996961, 0
(746.000000, 486.000000), (788.000000, 528.000000), 0.854566, 0.200586, 0
(746.000000, 488.000000), (786.000000, 528.000000), 0.846532, 0.209941, 0
(746.000000, 490.000000), (784.000000, 528.000000), 0.861119, 0.220983, 0
(746.000000, 492.000000), (782.000000, 528.000000), 0.854475, 0.210530, 0
(746.000000, 494.000000), (780.000000, 528.000000), 0.857665, 0.218477, 0
(746.000000, 496.000000), (778.000000, 528.000000), 0.861120, 0.221026, 0
(746.000000, 498.000000), (776.000000, 528.000000), 0.861295, 0.236593, 0
(746.000000, 500.000000), (774.000000, 528.000000), 0.863362, 0.237544, 0
(746.000000, 502.000000), (772.000000, 528.000000), 0.857222, 0.250136, 0
(746.000000, 504.000000), (770.000000, 528.000000), 0.851364, 0.247967, 0
(746.000000, 506.000000), (768.000000, 528.000000), 0.856308, 0.256832, 0
(746.000000, 508.000000), (766.000000, 528.000000), 0.853028, 0.269368, 0
(746.000000, 510.000000), (764.000000, 528.000000), 0.845331, 0.264060, 0
(746.000000, 512.000000), (762.000000, 528.000000), 0.853221, 0.275385, 0
(746.000000, 514.000000), (760.000000, 528.000000), 0.849382, 0.267271, 0
(746.000000, 516.000000), (758.000000, 528.000000), 0.847345, 0.283947, 0
(746.000000, 518.000000), (756.000000, 528.000000), 0.852857, 0.278878, 0
(746.000000, 520.000000), (754.000000, 528.000000), 0.848889, 0.283976, 0
(746.000000, 522.000000), (752.000000, 528.000000), 0.864861, 0.298364, 0
(746.000000, 524.000000), (750.000000, 528.000000), 0.849506, 0.302526, 0
(746.000000, 526.000000), (748.000000, 528.000000), 0.861841, 0.295626, 0
