1024
(590.000000, 200.000000), (605.000000, 200.000000), -0.035043, 0.050428, 1
(605.000000, 200.000000), (605.000000, 215.000000), 0.070879, 0.018622, 1
(605.000000, 215.000000), (590.000000, 215.000000), -0.000194, -0.006278, 1
(590.000000, 215.000000), (590.000000, 230.000000), 0.000021, -0.044942, 1
(590.000000, 230.000000), (575.000000, 230.000000), 0.008642, -0.024361, 0
(575.000000, 230.000000), (575.000000, 215.000000), -0.034620, 0.042400, 1
(575.000000, 215.000000), (560.000000, 215.000000), 0.001689, 0.036508, 0
(560.000000, 215.000000), (560.000000, 230.000000), 0.028166, 0.046899, 0
(560.000000, 230.000000), (545.000000, 230.000000), -0.030268, 0.045699, 1
(545.000000, 230.000000), (545.000000, 215.000000), 0.047556, -0.038593, 0
(545.000000, 215.000000), (560.000000, 215.000000), -0.009413, 0.063139, 1
(560.000000, 215.000000), (560.000000, 200.000000), -0.033435, -0.059380, 0
(560.000000, 200.000000), (545.000000, 200.000000), 0.015166, -0.048792, 1
(545.000000, 200.000000), (545.000000, 185.000000), -0.015091, -0.014201, 1
(545.000000, 185.000000), (530.000000, 185.000000), -0.059730, 0.036206, 0
(530.000000, 185.000000), (530.000000, 200.000000), -0.051664, 0.044162, 1
(530.000000, 200.000000), (515.000000, 200.000000), 0.038232, 0.057753, 0
(515.000000, 200.000000), (515.000000, 185.000000), -0.042805, 0.064323, 1
(515.000000, 185.000000), (530.000000, 185.000000), 0.057818, 0.023466, 0
(530.000000, 185.000000), (530.000000, 170.000000), 0.051227, 0.058224, 0
(530.000000, 170.000000), (545.000000, 170.000000), 0.017518, -0.036312, 0
(545.000000, 170.000000), (545.000000, 185.000000), -0.024035, 0.019875, 0
(545.000000, 185.000000), (560.000000, 185.000000), 0.021697, 0.014603, 0
(560.000000, 185.000000), (560.000000, 170.000000), 0.023238, -0.072234, 0
(560.000000, 170.000000), (545.000000, 170.000000), 0.001116, -0.025733, 1
(545.000000, 170.000000), (545.000000, 155.000000), -0.045723, 0.054808, 1
(545.000000, 155.000000), (560.000000, 155.000000), -0.065837, 0.047381, 1
(560.000000, 155.000000), (560.000000, 140.000000), -0.012503, 0.043037, 0
(560.000000, 140.000000), (545.000000, 140.000000), 0.043423, 0.055442, 1
(545.000000, 140.000000), (545.000000, 125.000000), -0.047906, -0.022915, 0
(545.000000, 125.000000), (530.000000, 125.000000), -0.043160, -0.006858, 1
(530.000000, 125.000000), (530.000000, 140.000000), -0.070285, -0.018250, 0
(530.000000, 140.000000), (515.000000, 140.000000), -0.073579, -0.063498, 1
(515.000000, 140.000000), (515.000000, 125.000000), -0.029133, 0.029922, 1
(515.000000, 125.000000), (530.000000, 125.000000), 0.068526, -0.026092, 1
(530.000000, 125.000000), (530.000000, 110.000000), -0.037326, 0.014011, 0
(530.000000, 110.000000), (545.000000, 110.000000), 0.030862, -0.012447, 0
(545.000000, 110.000000), (545.000000, 125.000000), -0.016182, -0.050751, 1
(545.000000, 125.000000), (560.000000, 125.000000), -0.020733, -0.005633, 0
(560.000000, 125.000000), (560.000000, 110.000000), 0.021458, -0.038891, 1
(560.000000, 110.000000), (575.000000, 110.000000), 0.071556, -0.048996, 0
(575.000000, 110.000000), (575.000000, 125.000000), 0.066046, 0.061314, 1
(575.000000, 125.000000), (560.000000, 125.000000), 0.057024, 0.010550, 1
(560.000000, 125.000000), (560.000000, 140.000000), -0.005050, 0.022804, 1
(560.000000, 140.000000), (575.000000, 140.000000), 0.058120, 0.072244, 0
(575.000000, 140.000000), (575.000000, 155.000000), -0.028718, -0.060145, 0
(575.000000, 155.000000), (590.000000, 155.000000), 0.020847, -0.038650, 0
(590.000000, 155.000000), (590.000000, 140.000000), 0.053072, -0.069187, 1
(590.000000, 140.000000), (575.000000, 140.000000), -0.000356, -0.028983, 0
(575.000000, 140.000000), (575.000000, 125.000000), 0.005859, -0.070605, 0
(575.000000, 125.000000), (590.000000, 125.000000), -0.020136, -0.008555, 1
(590.000000, 125.000000), (590.000000, 110.000000), -0.018760, 0.070789, 1
(590.000000, 110.000000), (605.000000, 110.000000), -0.013153, -0.038431, 1
(605.000000, 110.000000), (605.000000, 125.000000), -0.025734, 0.021446, 0
(605.000000, 125.000000), (620.000000, 125.000000), -0.068655, 0.031844, 1
(620.000000, 125.000000), (620.000000, 110.000000), -0.057961, -0.068397, 1
(620.000000, 110.000000), (605.000000, 110.000000), -0.052022, 0.001544, 1
(605.000000, 110.000000), (605.000000, 95.000000), 0.017588, 0.047276, 1
(605.000000, 95.000000), (620.000000, 95.000000), -0.026108, 0.047035, 0
(620.000000, 95.000000), (620.000000, 80.000000), 0.033946, -0.043035, 1
(620.000000, 80.000000), (605.000000, 80.000000), 0.059900, -0.017557, 1
(605.000000, 80.000000), (605.000000, 65.000000), 0.012838, -0.007249, 1
(605.000000, 65.000000), (590.000000, 65.000000), 0.055104, -0.003613, 0
(590.000000, 65.000000), (590.000000, 80.000000), -0.030446, -0.072948, 0
(590.000000, 80.000000), (575.000000, 80.000000), 0.074631, 0.008936, 0
(575.000000, 80.000000), (575.000000, 65.000000), 0.040176, -0.005489, 1
(575.000000, 65.000000), (590.000000, 65.000000), -0.057597, 0.038933, 0
(590.000000, 65.000000), (590.000000, 50.000000), 0.072646, 0.054581, 0
(590.000000, 50.000000), (605.000000, 50.000000), 0.070590, 0.025579, 1
(605.000000, 50.000000), (605.000000, 65.000000), 0.065922, 0.030843, 0
(605.000000, 65.000000), (620.000000, 65.000000), -0.009763, 0.042438, 0
(620.000000, 65.000000), (620.000000, 50.000000), 0.022662, 0.042074, 0
(620.000000, 50.000000), (635.000000, 50.000000), -0.022480, -0.052984, 1
(635.000000, 50.000000), (635.000000, 65.000000), 0.046604, -0.044727, 1
(635.000000, 65.000000), (620.000000, 65.000000), -0.073282, -0.034029, 0
(620.000000, 65.000000), (620.000000, 80.000000), -0.003170, -0.074462, 1
(620.000000, 80.000000), (635.000000, 80.000000), -0.033781, -0.064339, 0
(635.000000, 80.000000), (635.000000, 95.000000), 0.050713, 0.033450, 0
(635.000000, 95.000000), (650.000000, 95.000000), 0.002492, -0.011225, 0
(650.000000, 95.000000), (650.000000, 80.000000), -0.058264, -0.006417, 0
(650.000000, 80.000000), (665.000000, 80.000000), 0.041354, 0.069490, 0
(665.000000, 80.000000), (665.000000, 95.000000), 0.019098, -0.065368, 1
(665.000000, 95.000000), (650.000000, 95.000000), -0.015511, 0.051097, 1
(650.000000, 95.000000), (650.000000, 110.000000), 0.043528, 0.054490, 1
(650.000000, 110.000000), (635.000000, 110.000000), -0.006646, -0.036685, 1
(635.000000, 110.000000), (635.000000, 95.000000), -0.017037, 0.048485, 1
(635.000000, 95.000000), (620.000000, 95.000000), 0.066999, 0.051197, 1
(620.000000, 95.000000), (620.000000, 110.000000), -0.070563, 0.024698, 0
(620.000000, 110.000000), (635.000000, 110.000000), 0.058634, 0.003302, 1
(635.000000, 110.000000), (635.000000, 125.000000), -0.026204, -0.021998, 1
(635.000000, 125.000000), (620.000000, 125.000000), 0.001541, -0.064392, 0
(620.000000, 125.000000), (620.000000, 140.000000), -0.065040, 0.065862, 1
(620.000000, 140.000000), (635.000000, 140.000000), 0.029090, -0.071184, 1
(635.000000, 140.000000), (635.000000, 155.000000), 0.069101, -0.023565, 0
(635.000000, 155.000000), (650.000000, 155.000000), 0.036030, 0.030567, 1
(650.000000, 155.000000), (650.000000, 140.000000), -0.004718, 0.035039, 0
(650.000000, 140.000000), (635.000000, 140.000000), -0.012771, -0.031680, 1
(635.000000, 140.000000), (635.000000, 125.000000), 0.014911, 0.064273, 1
(635.000000, 125.000000), (650.000000, 125.000000), 0.009863, 0.046846, 1
(650.000000, 125.000000), (650.000000, 110.000000), -0.034031, 0.010568, 0
(650.000000, 110.000000), (665.000000, 110.000000), -0.043386, -0.061428, 0
(665.000000, 110.000000), (665.000000, 125.000000), -0.026727, 0.006628, 0
(665.000000, 125.000000), (680.000000, 125.000000), -0.009484, 0.047755, 1
(680.000000, 125.000000), (680.000000, 110.000000), 0.058314, -0.046297, 0
(680.000000, 110.000000), (695.000000, 110.000000), -0.040042, -0.008044, 1
(695.000000, 110.000000), (695.000000, 125.000000), 0.053651, -0.011691, 0
(695.000000, 125.000000), (680.000000, 125.000000), 0.034806, -0.040666, 0
(680.000000, 125.000000), (680.000000, 140.000000), -0.034536, -0.052763, 1
(680.000000, 140.000000), (695.000000, 140.000000), -0.036736, -0.066796, 1
(695.000000, 140.000000), (695.000000, 155.000000), -0.004399, -0.013434, 0
(695.000000, 155.000000), (710.000000, 155.000000), -0.021428, -0.009837, 1
(710.000000, 155.000000), (710.000000, 140.000000), -0.016915, 0.001785, 0
(710.000000, 140.000000), (695.000000, 140.000000), -0.053545, 0.069683, 1
(695.000000, 140.000000), (695.000000, 125.000000), 0.042134, -0.055947, 1
(695.000000, 125.000000), (710.000000, 125.000000), 0.019420, -0.063844, 1
(710.000000, 125.000000), (710.000000, 110.000000), -0.031627, -0.066783, 0
(710.000000, 110.000000), (725.000000, 110.000000), 0.018410, -0.046704, 0
(725.000000, 110.000000), (725.000000, 125.000000), 0.000560, 0.029869, 1
(725.000000, 125.000000), (740.000000, 125.000000), -0.055082, -0.047608, 0
(740.000000, 125.000000), (740.000000, 110.000000), -0.065650, 0.052249, 1
(740.000000, 110.000000), (725.000000, 110.000000), -0.053395, 0.025197, 0
(725.000000, 110.000000), (725.000000, 95.000000), -0.036369, -0.033292, 0
(725.000000, 95.000000), (740.000000, 95.000000), 0.024513, -0.060831, 1
(740.000000, 95.000000), (740.000000, 80.000000), 0.057776, -0.010461, 1
(740.000000, 80.000000), (725.000000, 80.000000), 0.037953, -0.014222, 0
(725.000000, 80.000000), (725.000000, 65.000000), -0.006911, 0.004497, 0
(725.000000, 65.000000), (710.000000, 65.000000), 0.040810, 0.050243, 0
(710.000000, 65.000000), (710.000000, 80.000000), -0.056993, -0.066163, 1
(710.000000, 80.000000), (695.000000, 80.000000), 0.023476, -0.017161, 0
(695.000000, 80.000000), (695.000000, 65.000000), -0.032932, 0.073526, 0
(695.000000, 65.000000), (710.000000, 65.000000), 0.003908, -0.003550, 1
(710.000000, 65.000000), (710.000000, 50.000000), -0.023622, -0.013752, 1
(710.000000, 50.000000), (725.000000, 50.000000), -0.044733, -0.022189, 1
(725.000000, 50.000000), (725.000000, 65.000000), 0.008201, 0.004604, 0
(725.000000, 65.000000), (740.000000, 65.000000), -0.028441, 0.072452, 1
(740.000000, 65.000000), (740.000000, 50.000000), -0.032367, 0.048315, 0
(740.000000, 50.000000), (755.000000, 50.000000), -0.005559, -0.051601, 0
(755.000000, 50.000000), (755.000000, 65.000000), -0.010394, 0.014664, 1
(755.000000, 65.000000), (740.000000, 65.000000), 0.002462, 0.012421, 0
(740.000000, 65.000000), (740.000000, 80.000000), -0.016262, -0.004958, 0
(740.000000, 80.000000), (755.000000, 80.000000), 0.074021, -0.037195, 0
(755.000000, 80.000000), (755.000000, 95.000000), -0.061151, -0.054828, 1
(755.000000, 95.000000), (770.000000, 95.000000), -0.066231, -0.053008, 0
(770.000000, 95.000000), (770.000000, 80.000000), 0.030968, 0.009024, 0
(770.000000, 80.000000), (785.000000, 80.000000), -0.032224, 0.006059, 1
(785.000000, 80.000000), (785.000000, 95.000000), -0.031818, -0.071886, 1
(785.000000, 95.000000), (770.000000, 95.000000), 0.010312, -0.000001, 0
(770.000000, 95.000000), (770.000000, 110.000000), -0.073924, 0.055124, 0
(770.000000, 110.000000), (755.000000, 110.000000), 0.032682, -0.033604, 1
(755.000000, 110.000000), (755.000000, 95.000000), -0.034278, 0.061625, 1
(755.000000, 95.000000), (740.000000, 95.000000), -0.042348, 0.007475, 0
(740.000000, 95.000000), (740.000000, 110.000000), 0.001211, -0.051740, 1
(740.000000, 110.000000), (755.000000, 110.000000), 0.057087, -0.068023, 0
(755.000000, 110.000000), (755.000000, 125.000000), 0.067682, -0.065107, 0
(755.000000, 125.000000), (740.000000, 125.000000), 0.001496, 0.017945, 1
(740.000000, 125.000000), (740.000000, 140.000000), 0.053358, 0.031018, 0
(740.000000, 140.000000), (755.000000, 140.000000), -0.053324, -0.045336, 1
(755.000000, 140.000000), (755.000000, 155.000000), 0.058062, -0.070319, 1
(755.000000, 155.000000), (770.000000, 155.000000), 0.013841, 0.007683, 0
(770.000000, 155.000000), (770.000000, 140.000000), 0.034856, 0.014497, 0
(770.000000, 140.000000), (785.000000, 140.000000), 0.030900, -0.058707, 1
(785.000000, 140.000000), (785.000000, 155.000000), -0.047254, 0.002281, 0
(785.000000, 155.000000), (770.000000, 155.000000), -0.000421, 0.049525, 1
(770.000000, 155.000000), (770.000000, 170.000000), 0.029448, -0.070532, 0
(770.000000, 170.000000), (755.000000, 170.000000), 0.073255, -0.041234, 0
(755.000000, 170.000000), (755.000000, 155.000000), 0.057171, 0.020590, 1
(755.000000, 155.000000), (740.000000, 155.000000), -0.021861, -0.052365, 1
(740.000000, 155.000000), (740.000000, 170.000000), -0.005832, 0.006568, 1
(740.000000, 170.000000), (725.000000, 170.000000), 0.014857, 0.045008, 0
(725.000000, 170.000000), (725.000000, 155.000000), -0.017432, 0.054312, 1
(725.000000, 155.000000), (740.000000, 155.000000), 0.059200, -0.003668, 1
(740.000000, 155.000000), (740.000000, 140.000000), -0.070024, -0.000418, 0
(740.000000, 140.000000), (725.000000, 140.000000), 0.001818, 0.028350, 0
(725.000000, 140.000000), (725.000000, 125.000000), -0.011101, 0.041534, 0
(725.000000, 125.000000), (710.000000, 125.000000), -0.026968, 0.049131, 0
(710.000000, 125.000000), (710.000000, 140.000000), 0.050434, 0.047221, 1
(710.000000, 140.000000), (725.000000, 140.000000), -0.018163, -0.028417, 1
(725.000000, 140.000000), (725.000000, 155.000000), -0.046332, 0.049227, 0
(725.000000, 155.000000), (710.000000, 155.000000), -0.005978, -0.059720, 1
(710.000000, 155.000000), (710.000000, 170.000000), -0.074084, -0.057353, 0
(710.000000, 170.000000), (695.000000, 170.000000), 0.013801, 0.072950, 1
(695.000000, 170.000000), (695.000000, 155.000000), 0.015569, 0.063895, 0
(695.000000, 155.000000), (680.000000, 155.000000), 0.054500, 0.032068, 1
(680.000000, 155.000000), (680.000000, 170.000000), -0.051684, -0.057836, 0
(680.000000, 170.000000), (695.000000, 170.000000), -0.048097, 0.053955, 1
(695.000000, 170.000000), (695.000000, 185.000000), 0.013040, -0.023984, 0
(695.000000, 185.000000), (680.000000, 185.000000), -0.051855, 0.032964, 1
(680.000000, 185.000000), (680.000000, 200.000000), -0.055607, 0.000921, 1
(680.000000, 200.000000), (695.000000, 200.000000), -0.028672, -0.009173, 0
(695.000000, 200.000000), (695.000000, 215.000000), -0.012686, -0.030525, 1
(695.000000, 215.000000), (710.000000, 215.000000), -0.060614, -0.052721, 0
(710.000000, 215.000000), (710.000000, 200.000000), -0.062993, -0.002133, 1
(710.000000, 200.000000), (695.000000, 200.000000), -0.016763, 0.016410, 1
(695.000000, 200.000000), (695.000000, 185.000000), -0.061196, 0.046845, 0
(695.000000, 185.000000), (710.000000, 185.000000), 0.052975, 0.019490, 0
(710.000000, 185.000000), (710.000000, 170.000000), -0.048773, 0.056789, 1
(710.000000, 170.000000), (725.000000, 170.000000), -0.045388, -0.035669, 0
(725.000000, 170.000000), (725.000000, 185.000000), 0.044154, -0.069293, 0
(725.000000, 185.000000), (740.000000, 185.000000), -0.039211, -0.012717, 0
(740.000000, 185.000000), (740.000000, 170.000000), 0.020860, -0.045941, 0
(740.000000, 170.000000), (755.000000, 170.000000), -0.027084, 0.001456, 0
(755.000000, 170.000000), (755.000000, 185.000000), -0.049297, 0.065308, 1
(755.000000, 185.000000), (740.000000, 185.000000), 0.037676, 0.029337, 1
(740.000000, 185.000000), (740.000000, 200.000000), -0.015844, 0.022965, 1
(740.000000, 200.000000), (755.000000, 200.000000), 0.025660, 0.022568, 1
(755.000000, 200.000000), (755.000000, 215.000000), -0.064497, 0.012479, 0
(755.000000, 215.000000), (770.000000, 215.000000), 0.060061, 0.046677, 1
(770.000000, 215.000000), (770.000000, 200.000000), 0.032455, 0.039280, 0
(770.000000, 200.000000), (785.000000, 200.000000), -0.043807, -0.071135, 1
(785.000000, 200.000000), (785.000000, 215.000000), 0.046924, -0.054873, 1
(785.000000, 215.000000), (770.000000, 215.000000), -0.039772, 0.027087, 0
(770.000000, 215.000000), (770.000000, 230.000000), 0.032250, 0.013891, 0
(770.000000, 230.000000), (755.000000, 230.000000), -0.071172, -0.060772, 0
(755.000000, 230.000000), (755.000000, 215.000000), 0.062576, 0.027834, 1
(755.000000, 215.000000), (740.000000, 215.000000), 0.032104, -0.026410, 1
(740.000000, 215.000000), (740.000000, 230.000000), -0.063053, -0.055667, 0
(740.000000, 230.000000), (755.000000, 230.000000), -0.073358, 0.018278, 0
(755.000000, 230.000000), (755.000000, 245.000000), -0.009257, -0.011966, 1
(755.000000, 245.000000), (740.000000, 245.000000), 0.003423, -0.038745, 0
(740.000000, 245.000000), (740.000000, 260.000000), 0.051789, 0.067677, 1
(740.000000, 260.000000), (755.000000, 260.000000), 0.038742, 0.058371, 1
(755.000000, 260.000000), (755.000000, 275.000000), -0.054461, 0.021694, 1
(755.000000, 275.000000), (770.000000, 275.000000), 0.027107, 0.016332, 0
(770.000000, 275.000000), (770.000000, 260.000000), -0.044422, -0.032790, 1
(770.000000, 260.000000), (755.000000, 260.000000), 0.052239, -0.067378, 1
(755.000000, 260.000000), (755.000000, 245.000000), -0.035370, -0.061027, 0
(755.000000, 245.000000), (770.000000, 245.000000), 0.029825, -0.027982, 1
(770.000000, 245.000000), (770.000000, 230.000000), -0.053752, -0.066092, 0
(770.000000, 230.000000), (785.000000, 230.000000), -0.007257, 0.031933, 1
(785.000000, 230.000000), (785.000000, 245.000000), -0.050147, -0.060289, 1
(785.000000, 245.000000), (800.000000, 245.000000), -0.068023, 0.036661, 0
(800.000000, 245.000000), (800.000000, 230.000000), -0.004891, -0.044222, 1
(800.000000, 230.000000), (815.000000, 230.000000), 0.049167, 0.068187, 1
(815.000000, 230.000000), (815.000000, 245.000000), -0.004781, -0.011009, 0
(815.000000, 245.000000), (800.000000, 245.000000), -0.028597, 0.047815, 0
(800.000000, 245.000000), (800.000000, 260.000000), 0.023033, 0.068273, 1
(800.000000, 260.000000), (815.000000, 260.000000), 0.027195, 0.051954, 0
(815.000000, 260.000000), (815.000000, 275.000000), -0.054272, -0.046404, 0
(815.000000, 275.000000), (830.000000, 275.000000), -0.034647, 0.056733, 0
(830.000000, 275.000000), (830.000000, 260.000000), -0.049678, 0.005387, 1
(830.000000, 260.000000), (815.000000, 260.000000), 0.033404, -0.069841, 0
(815.000000, 260.000000), (815.000000, 245.000000), 0.001210, -0.022073, 1
(815.000000, 245.000000), (830.000000, 245.000000), -0.016176, 0.036389, 1
(830.000000, 245.000000), (830.000000, 230.000000), -0.044005, -0.021539, 1
(830.000000, 230.000000), (845.000000, 230.000000), 0.023259, -0.027844, 1
(845.000000, 230.000000), (845.000000, 245.000000), -0.059238, 0.058665, 0
(845.000000, 245.000000), (860.000000, 245.000000), -0.022541, 0.057958, 1
(860.000000, 245.000000), (860.000000, 230.000000), 0.048281, -0.052783, 1
(860.000000, 230.000000), (845.000000, 230.000000), 0.019188, -0.067890, 0
(845.000000, 230.000000), (845.000000, 215.000000), 0.068767, -0.051087, 1
(845.000000, 215.000000), (860.000000, 215.000000), 0.009114, -0.065858, 1
(860.000000, 215.000000), (860.000000, 200.000000), 0.065455, 0.056694, 0
(860.000000, 200.000000), (845.000000, 200.000000), -0.070744, 0.064337, 1
(845.000000, 200.000000), (845.000000, 185.000000), 0.064005, 0.073788, 1
(845.000000, 185.000000), (830.000000, 185.000000), -0.017536, 0.060472, 1
(830.000000, 185.000000), (830.000000, 200.000000), 0.074392, 0.061690, 1
(830.000000, 200.000000), (815.000000, 200.000000), 0.067207, -0.015705, 0
(815.000000, 200.000000), (815.000000, 185.000000), 0.007196, -0.043231, 0
(815.000000, 185.000000), (830.000000, 185.000000), 0.018231, 0.070025, 0
(830.000000, 185.000000), (830.000000, 170.000000), -0.050330, -0.052091, 0
(830.000000, 170.000000), (845.000000, 170.000000), -0.015167, -0.019702, 0
(845.000000, 170.000000), (845.000000, 185.000000), 0.071191, 0.070825, 1
(845.000000, 185.000000), (860.000000, 185.000000), -0.062901, -0.005269, 1
(860.000000, 185.000000), (860.000000, 170.000000), -0.025648, -0.005194, 1
(860.000000, 170.000000), (875.000000, 170.000000), -0.016218, -0.060203, 0
(875.000000, 170.000000), (875.000000, 185.000000), 0.009961, 0.027691, 0
(875.000000, 185.000000), (860.000000, 185.000000), -0.005115, 0.001388, 0
(860.000000, 185.000000), (860.000000, 200.000000), 0.035844, 0.046865, 0
(860.000000, 200.000000), (875.000000, 200.000000), -0.050033, -0.026543, 0
(875.000000, 200.000000), (875.000000, 215.000000), 0.027708, -0.054798, 1
(875.000000, 215.000000), (890.000000, 215.000000), -0.072888, -0.017289, 1
(890.000000, 215.000000), (890.000000, 200.000000), -0.064958, 0.016405, 1
(890.000000, 200.000000), (905.000000, 200.000000), 0.008574, -0.065822, 1
(905.000000, 200.000000), (905.000000, 215.000000), 0.040788, -0.005697, 1
(905.000000, 215.000000), (890.000000, 215.000000), -0.048974, -0.002378, 1
(890.000000, 215.000000), (890.000000, 230.000000), 0.029426, 0.037842, 1
(890.000000, 230.000000), (875.000000, 230.000000), -0.055413, -0.050449, 1
(875.000000, 230.000000), (875.000000, 215.000000), 0.001232, -0.011572, 1
(875.000000, 215.000000), (860.000000, 215.000000), -0.016555, 0.006445, 0
(860.000000, 215.000000), (860.000000, 230.000000), 0.005807, 0.036743, 0
(860.000000, 230.000000), (875.000000, 230.000000), 0.066994, -0.061319, 1
(875.000000, 230.000000), (875.000000, 245.000000), 0.005362, 0.073955, 1
(875.000000, 245.000000), (860.000000, 245.000000), 0.053132, 0.029973, 1
(860.000000, 245.000000), (860.000000, 260.000000), -0.071253, -0.017488, 1
(860.000000, 260.000000), (875.000000, 260.000000), -0.043002, 0.052480, 0
(875.000000, 260.000000), (875.000000, 275.000000), -0.074451, -0.063481, 0
(875.000000, 275.000000), (890.000000, 275.000000), -0.059808, -0.044765, 0
(890.000000, 275.000000), (890.000000, 260.000000), -0.046039, -0.057943, 1
(890.000000, 260.000000), (905.000000, 260.000000), 0.001247, -0.069561, 0
(905.000000, 260.000000), (905.000000, 275.000000), 0.061776, -0.035804, 1
(905.000000, 275.000000), (890.000000, 275.000000), 0.053220, -0.073555, 1
(890.000000, 275.000000), (890.000000, 290.000000), 0.057248, 0.024628, 1
(890.000000, 290.000000), (875.000000, 290.000000), -0.051083, 0.030558, 1
(875.000000, 290.000000), (875.000000, 275.000000), -0.016087, 0.061392, 1
(875.000000, 275.000000), (860.000000, 275.000000), -0.033631, -0.025792, 0
(860.000000, 275.000000), (860.000000, 290.000000), -0.017167, 0.073584, 0
(860.000000, 290.000000), (845.000000, 290.000000), -0.030611, -0.067845, 0
(845.000000, 290.000000), (845.000000, 275.000000), -0.051132, 0.051182, 1
(845.000000, 275.000000), (860.000000, 275.000000), -0.060442, 0.003926, 0
(860.000000, 275.000000), (860.000000, 260.000000), -0.060579, 0.058204, 1
(860.000000, 260.000000), (845.000000, 260.000000), -0.008886, -0.009574, 0
(845.000000, 260.000000), (845.000000, 245.000000), -0.004774, -0.066155, 1
(845.000000, 245.000000), (830.000000, 245.000000), -0.003602, -0.035614, 1
(830.000000, 245.000000), (830.000000, 260.000000), 0.027721, -0.013960, 1
(830.000000, 260.000000), (845.000000, 260.000000), 0.015558, -0.047948, 1
(845.000000, 260.000000), (845.000000, 275.000000), -0.054381, -0.009243, 1
(845.000000, 275.000000), (830.000000, 275.000000), 0.009475, -0.013134, 1
(830.000000, 275.000000), (830.000000, 290.000000), 0.064057, -0.060875, 0
(830.000000, 290.000000), (815.000000, 290.000000), -0.068901, -0.057750, 1
(815.000000, 290.000000), (815.000000, 275.000000), 0.074396, 0.007095, 0
(815.000000, 275.000000), (800.000000, 275.000000), -0.014885, -0.022563, 1
(800.000000, 275.000000), (800.000000, 290.000000), -0.029134, -0.032781, 0
(800.000000, 290.000000), (815.000000, 290.000000), -0.041693, 0.051209, 1
(815.000000, 290.000000), (815.000000, 305.000000), -0.051049, -0.021506, 1
(815.000000, 305.000000), (800.000000, 305.000000), -0.019353, -0.044285, 0
(800.000000, 305.000000), (800.000000, 320.000000), -0.023593, 0.001084, 1
(800.000000, 320.000000), (815.000000, 320.000000), -0.053477, 0.020576, 0
(815.000000, 320.000000), (815.000000, 335.000000), 0.043606, 0.031463, 0
(815.000000, 335.000000), (830.000000, 335.000000), 0.031346, 0.016139, 0
(830.000000, 335.000000), (830.000000, 320.000000), -0.022060, 0.002161, 1
(830.000000, 320.000000), (845.000000, 320.000000), -0.025048, -0.061322, 0
(845.000000, 320.000000), (845.000000, 335.000000), 0.005556, -0.031952, 1
(845.000000, 335.000000), (830.000000, 335.000000), -0.028732, -0.064516, 1
(830.000000, 335.000000), (830.000000, 350.000000), 0.073072, 0.050718, 0
(830.000000, 350.000000), (815.000000, 350.000000), 0.065324, 0.014956, 1
(815.000000, 350.000000), (815.000000, 335.000000), 0.029327, -0.026389, 1
(815.000000, 335.000000), (800.000000, 335.000000), 0.071885, -0.073076, 0
(800.000000, 335.000000), (800.000000, 350.000000), -0.023160, -0.017034, 0
(800.000000, 350.000000), (785.000000, 350.000000), 0.058671, 0.010507, 0
(785.000000, 350.000000), (785.000000, 335.000000), -0.044783, 0.004800, 0
(785.000000, 335.000000), (800.000000, 335.000000), -0.009231, -0.051417, 0
(800.000000, 335.000000), (800.000000, 320.000000), -0.064810, 0.019472, 1
(800.000000, 320.000000), (785.000000, 320.000000), -0.055129, -0.024222, 0
(785.000000, 320.000000), (785.000000, 305.000000), -0.058791, -0.067536, 1
(785.000000, 305.000000), (770.000000, 305.000000), -0.046711, -0.032917, 0
(770.000000, 305.000000), (770.000000, 320.000000), -0.060187, -0.043693, 1
(770.000000, 320.000000), (755.000000, 320.000000), -0.010841, -0.011547, 1
(755.000000, 320.000000), (755.000000, 305.000000), 0.058570, 0.019756, 1
(755.000000, 305.000000), (770.000000, 305.000000), -0.014369, -0.020443, 0
(770.000000, 305.000000), (770.000000, 290.000000), -0.020135, -0.047787, 1
(770.000000, 290.000000), (785.000000, 290.000000), -0.020032, -0.067972, 1
(785.000000, 290.000000), (785.000000, 305.000000), 0.045705, 0.029125, 0
(785.000000, 305.000000), (800.000000, 305.000000), -0.008114, 0.025058, 0
(800.000000, 305.000000), (800.000000, 290.000000), 0.015417, -0.064869, 0
(800.000000, 290.000000), (785.000000, 290.000000), 0.048301, 0.033385, 0
(785.000000, 290.000000), (785.000000, 275.000000), -0.056451, 0.071952, 1
(785.000000, 275.000000), (800.000000, 275.000000), 0.024050, -0.024072, 1
(800.000000, 275.000000), (800.000000, 260.000000), 0.021891, -0.062872, 1
(800.000000, 260.000000), (785.000000, 260.000000), -0.018874, -0.015726, 1
(785.000000, 260.000000), (785.000000, 245.000000), 0.009174, -0.022616, 1
(785.000000, 245.000000), (770.000000, 245.000000), 0.019460, -0.063489, 0
(770.000000, 245.000000), (770.000000, 260.000000), -0.067961, 0.000143, 1
(770.000000, 260.000000), (785.000000, 260.000000), 0.002773, 0.068960, 0
(785.000000, 260.000000), (785.000000, 275.000000), 0.039295, -0.048593, 1
(785.000000, 275.000000), (770.000000, 275.000000), 0.044471, -0.038887, 1
(770.000000, 275.000000), (770.000000, 290.000000), 0.025843, 0.046760, 0
(770.000000, 290.000000), (755.000000, 290.000000), 0.032124, -0.038598, 1
(755.000000, 290.000000), (755.000000, 275.000000), 0.000187, -0.037803, 0
(755.000000, 275.000000), (740.000000, 275.000000), 0.073729, 0.044216, 0
(740.000000, 275.000000), (740.000000, 290.000000), 0.037718, -0.010702, 0
(740.000000, 290.000000), (725.000000, 290.000000), -0.025100, 0.025830, 0
(725.000000, 290.000000), (725.000000, 275.000000), 0.043177, -0.067272, 0
(725.000000, 275.000000), (740.000000, 275.000000), -0.023908, 0.010078, 0
(740.000000, 275.000000), (740.000000, 260.000000), 0.003699, -0.059834, 1
(740.000000, 260.000000), (725.000000, 260.000000), -0.069529, -0.059832, 0
(725.000000, 260.000000), (725.000000, 245.000000), -0.020951, 0.032858, 1
(725.000000, 245.000000), (710.000000, 245.000000), 0.007187, 0.068161, 1
(710.000000, 245.000000), (710.000000, 260.000000), -0.052233, -0.030370, 0
(710.000000, 260.000000), (725.000000, 260.000000), 0.012028, 0.050402, 1
(725.000000, 260.000000), (725.000000, 275.000000), -0.066276, 0.034038, 0
(725.000000, 275.000000), (710.000000, 275.000000), 0.036943, -0.045001, 0
(710.000000, 275.000000), (710.000000, 290.000000), -0.031728, 0.046881, 0
(710.000000, 290.000000), (695.000000, 290.000000), -0.031484, -0.060617, 1
(695.000000, 290.000000), (695.000000, 275.000000), -0.048137, -0.055020, 0
(695.000000, 275.000000), (680.000000, 275.000000), -0.074339, -0.013120, 1
(680.000000, 275.000000), (680.000000, 290.000000), -0.041274, 0.011068, 1
(680.000000, 290.000000), (695.000000, 290.000000), -0.055688, -0.068833, 1
(695.000000, 290.000000), (695.000000, 305.000000), 0.025844, -0.055590, 0
(695.000000, 305.000000), (680.000000, 305.000000), 0.024962, -0.031714, 1
(680.000000, 305.000000), (680.000000, 320.000000), -0.032081, 0.042992, 1
(680.000000, 320.000000), (695.000000, 320.000000), -0.046182, 0.039630, 1
(695.000000, 320.000000), (695.000000, 335.000000), 0.042736, 0.068194, 0
(695.000000, 335.000000), (710.000000, 335.000000), 0.063990, 0.056533, 1
(710.000000, 335.000000), (710.000000, 320.000000), 0.017569, -0.002172, 1
(710.000000, 320.000000), (695.000000, 320.000000), 0.062751, 0.040794, 1
(695.000000, 320.000000), (695.000000, 305.000000), 0.059869, 0.002781, 0
(695.000000, 305.000000), (710.000000, 305.000000), -0.035710, -0.052490, 0
(710.000000, 305.000000), (710.000000, 290.000000), -0.057704, 0.063684, 0
(710.000000, 290.000000), (725.000000, 290.000000), 0.019920, 0.039099, 0
(725.000000, 290.000000), (725.000000, 305.000000), -0.039936, 0.046243, 0
(725.000000, 305.000000), (740.000000, 305.000000), 0.039594, -0.056297, 1
(740.000000, 305.000000), (740.000000, 290.000000), -0.034018, 0.027307, 0
(740.000000, 290.000000), (755.000000, 290.000000), -0.025650, -0.029092, 0
(755.000000, 290.000000), (755.000000, 305.000000), 0.027112, 0.012533, 1
(755.000000, 305.000000), (740.000000, 305.000000), 0.043499, 0.037540, 0
(740.000000, 305.000000), (740.000000, 320.000000), 0.030385, -0.037414, 0
(740.000000, 320.000000), (755.000000, 320.000000), 0.023630, 0.040516, 1
(755.000000, 320.000000), (755.000000, 335.000000), -0.006050, 0.026471, 1
(755.000000, 335.000000), (770.000000, 335.000000), -0.006829, 0.068999, 1
(770.000000, 335.000000), (770.000000, 320.000000), -0.067573, -0.003175, 1
(770.000000, 320.000000), (785.000000, 320.000000), -0.016065, 0.013651, 1
(785.000000, 320.000000), (785.000000, 335.000000), -0.053983, -0.004972, 1
(785.000000, 335.000000), (770.000000, 335.000000), 0.047021, -0.033203, 1
(770.000000, 335.000000), (770.000000, 350.000000), 0.046993, -0.038329, 0
(770.000000, 350.000000), (755.000000, 350.000000), -0.054256, -0.025479, 1
(755.000000, 350.000000), (755.000000, 335.000000), -0.056769, -0.055007, 1
(755.000000, 335.000000), (740.000000, 335.000000), -0.029562, 0.051382, 1
(740.000000, 335.000000), (740.000000, 350.000000), 0.042758, 0.019023, 0
(740.000000, 350.000000), (755.000000, 350.000000), 0.043791, -0.068205, 1
(755.000000, 350.000000), (755.000000, 365.000000), -0.026591, 0.026942, 0
(755.000000, 365.000000), (740.000000, 365.000000), 0.019801, -0.031931, 1
(740.000000, 365.000000), (740.000000, 380.000000), 0.029336, -0.056278, 0
(740.000000, 380.000000), (755.000000, 380.000000), -0.053741, 0.070656, 0
(755.000000, 380.000000), (755.000000, 395.000000), 0.056594, -0.053254, 1
(755.000000, 395.000000), (770.000000, 395.000000), -0.007581, -0.014377, 1
(770.000000, 395.000000), (770.000000, 380.000000), 0.016400, 0.031963, 0
(770.000000, 380.000000), (785.000000, 380.000000), 0.008191, -0.023994, 0
(785.000000, 380.000000), (785.000000, 395.000000), -0.046060, -0.034265, 1
(785.000000, 395.000000), (770.000000, 395.000000), -0.057455, -0.047145, 1
(770.000000, 395.000000), (770.000000, 410.000000), -0.050112, -0.060042, 0
(770.000000, 410.000000), (755.000000, 410.000000), -0.053944, -0.005315, 1
(755.000000, 410.000000), (755.000000, 395.000000), 0.056240, 0.065114, 1
(755.000000, 395.000000), (740.000000, 395.000000), -0.072557, -0.056165, 0
(740.000000, 395.000000), (740.000000, 410.000000), 0.062528, -0.023277, 1
(740.000000, 410.000000), (725.000000, 410.000000), -0.048417, -0.066629, 1
(725.000000, 410.000000), (725.000000, 395.000000), 0.060082, -0.060447, 1
(725.000000, 395.000000), (740.000000, 395.000000), -0.067210, 0.003036, 1
(740.000000, 395.000000), (740.000000, 380.000000), -0.014343, -0.043839, 1
(740.000000, 380.000000), (725.000000, 380.000000), 0.053872, -0.041348, 0
(725.000000, 380.000000), (725.000000, 365.000000), 0.050009, 0.010276, 0
(725.000000, 365.000000), (710.000000, 365.000000), 0.035559, 0.036646, 0
(710.000000, 365.000000), (710.000000, 380.000000), 0.026810, 0.044253, 0
(710.000000, 380.000000), (725.000000, 380.000000), 0.002090, 0.055265, 1
(725.000000, 380.000000), (725.000000, 395.000000), -0.049226, -0.009989, 1
(725.000000, 395.000000), (710.000000, 395.000000), 0.070818, 0.033417, 0
(710.000000, 395.000000), (710.000000, 410.000000), 0.055940, 0.038908, 0
(710.000000, 410.000000), (695.000000, 410.000000), 0.068400, 0.033290, 0
(695.000000, 410.000000), (695.000000, 395.000000), -0.059129, -0.022648, 1
(695.000000, 395.000000), (680.000000, 395.000000), 0.056691, 0.011348, 1
(680.000000, 395.000000), (680.000000, 410.000000), 0.003035, 0.063100, 1
(680.000000, 410.000000), (695.000000, 410.000000), -0.068004, -0.072146, 1
(695.000000, 410.000000), (695.000000, 425.000000), -0.041888, 0.057827, 1
(695.000000, 425.000000), (680.000000, 425.000000), 0.004700, -0.045129, 1
(680.000000, 425.000000), (680.000000, 440.000000), 0.028889, 0.013451, 1
(680.000000, 440.000000), (695.000000, 440.000000), 0.029321, -0.023502, 1
(695.000000, 440.000000), (695.000000, 455.000000), 0.008880, 0.069652, 1
(695.000000, 455.000000), (710.000000, 455.000000), -0.059333, -0.066609, 1
(710.000000, 455.000000), (710.000000, 440.000000), 0.025321, -0.028938, 0
(710.000000, 440.000000), (695.000000, 440.000000), 0.046163, 0.017636, 1
(695.000000, 440.000000), (695.000000, 425.000000), -0.050514, 0.032220, 0
(695.000000, 425.000000), (710.000000, 425.000000), 0.020941, -0.069676, 1
(710.000000, 425.000000), (710.000000, 410.000000), 0.022585, 0.012034, 1
(710.000000, 410.000000), (725.000000, 410.000000), -0.016204, -0.019299, 1
(725.000000, 410.000000), (725.000000, 425.000000), 0.006829, 0.010687, 0
(725.000000, 425.000000), (740.000000, 425.000000), 0.016463, 0.059596, 1
(740.000000, 425.000000), (740.000000, 410.000000), -0.034827, 0.058262, 0
(740.000000, 410.000000), (755.000000, 410.000000), 0.029622, 0.055250, 1
(755.000000, 410.000000), (755.000000, 425.000000), -0.005877, -0.017773, 0
(755.000000, 425.000000), (740.000000, 425.000000), 0.014040, 0.051097, 1
(740.000000, 425.000000), (740.000000, 440.000000), 0.038329, -0.010051, 1
(740.000000, 440.000000), (755.000000, 440.000000), 0.064964, 0.022976, 0
(755.000000, 440.000000), (755.000000, 455.000000), 0.030033, 0.057760, 1
(755.000000, 455.000000), (770.000000, 455.000000), -0.073475, 0.008189, 0
(770.000000, 455.000000), (770.000000, 440.000000), 0.072517, -0.037019, 1
(770.000000, 440.000000), (785.000000, 440.000000), 0.036753, 0.042964, 0
(785.000000, 440.000000), (785.000000, 455.000000), 0.027443, -0.031136, 1
(785.000000, 455.000000), (770.000000, 455.000000), -0.030197, -0.036996, 0
(770.000000, 455.000000), (770.000000, 470.000000), -0.060181, -0.055427, 1
(770.000000, 470.000000), (755.000000, 470.000000), -0.023175, 0.067986, 0
(755.000000, 470.000000), (755.000000, 455.000000), 0.012140, 0.014800, 0
(755.000000, 455.000000), (740.000000, 455.000000), 0.063843, 0.019477, 1
(740.000000, 455.000000), (740.000000, 470.000000), 0.046510, 0.022261, 1
(740.000000, 470.000000), (755.000000, 470.000000), 0.050776, 0.062189, 0
(755.000000, 470.000000), (755.000000, 485.000000), -0.009002, -0.051730, 1
(755.000000, 485.000000), (740.000000, 485.000000), -0.048867, 0.040904, 0
(740.000000, 485.000000), (740.000000, 500.000000), 0.067176, -0.029548, 1
(740.000000, 500.000000), (755.000000, 500.000000), -0.071848, 0.067029, 0
(755.000000, 500.000000), (755.000000, 515.000000), -0.051558, 0.065154, 1
(755.000000, 515.000000), (770.000000, 515.000000), -0.021708, -0.046280, 1
(770.000000, 515.000000), (770.000000, 500.000000), 0.050267, -0.025051, 1
(770.000000, 500.000000), (755.000000, 500.000000), -0.017279, 0.011558, 1
(755.000000, 500.000000), (755.000000, 485.000000), -0.053904, 0.000960, 0
(755.000000, 485.000000), (770.000000, 485.000000), 0.010989, 0.024921, 1
(770.000000, 485.000000), (770.000000, 470.000000), 0.022324, -0.027253, 0
(770.000000, 470.000000), (785.000000, 470.000000), -0.016515, 0.000234, 1
(785.000000, 470.000000), (785.000000, 485.000000), 0.022900, -0.046780, 0
(785.000000, 485.000000), (800.000000, 485.000000), -0.055095, -0.033514, 0
(800.000000, 485.000000), (800.000000, 470.000000), 0.072015, 0.012409, 1
(800.000000, 470.000000), (815.000000, 470.000000), -0.074976, 0.016075, 0
(815.000000, 470.000000), (815.000000, 485.000000), 0.036147, -0.056717, 1
(815.000000, 485.000000), (800.000000, 485.000000), 0.000224, 0.015725, 1
(800.000000, 485.000000), (800.000000, 500.000000), 0.013525, 0.000160, 1
(800.000000, 500.000000), (815.000000, 500.000000), -0.037277, -0.022910, 0
(815.000000, 500.000000), (815.000000, 515.000000), -0.010191, 0.074207, 0
(815.000000, 515.000000), (830.000000, 515.000000), -0.022590, -0.008281, 1
(830.000000, 515.000000), (830.000000, 500.000000), 0.066632, -0.044877, 1
(830.000000, 500.000000), (815.000000, 500.000000), -0.055953, -0.037279, 1
(815.000000, 500.000000), (815.000000, 485.000000), -0.034753, 0.020555, 0
(815.000000, 485.000000), (830.000000, 485.000000), 0.046708, -0.043369, 0
(830.000000, 485.000000), (830.000000, 470.000000), -0.012531, 0.053349, 0
(830.000000, 470.000000), (845.000000, 470.000000), 0.033152, 0.010635, 1
(845.000000, 470.000000), (845.000000, 485.000000), 0.012511, -0.073881, 1
(845.000000, 485.000000), (860.000000, 485.000000), 0.020243, 0.027712, 1
(860.000000, 485.000000), (860.000000, 470.000000), -0.022922, 0.025437, 1
(860.000000, 470.000000), (845.000000, 470.000000), -0.070289, -0.015771, 1
(845.000000, 470.000000), (845.000000, 455.000000), 0.035147, 0.026942, 0
(845.000000, 455.000000), (860.000000, 455.000000), 0.060177, 0.042496, 0
(860.000000, 455.000000), (860.000000, 440.000000), 0.035132, 0.023195, 1
(860.000000, 440.000000), (845.000000, 440.000000), -0.047726, 0.035388, 1
(845.000000, 440.000000), (845.000000, 425.000000), 0.011727, 0.027860, 1
(845.000000, 425.000000), (830.000000, 425.000000), 0.041224, -0.001832, 1
(830.000000, 425.000000), (830.000000, 440.000000), 0.034881, 0.052861, 1
(830.000000, 440.000000), (815.000000, 440.000000), -0.070083, -0.037329, 1
(815.000000, 440.000000), (815.000000, 425.000000), 0.013758, 0.029193, 0
(815.000000, 425.000000), (830.000000, 425.000000), -0.037407, 0.012376, 0
(830.000000, 425.000000), (830.000000, 410.000000), 0.057162, 0.069882, 1
(830.000000, 410.000000), (845.000000, 410.000000), -0.016583, -0.033549, 1
(845.000000, 410.000000), (845.000000, 425.000000), -0.059308, -0.005981, 1
(845.000000, 425.000000), (860.000000, 425.000000), 0.029581, -0.056072, 1
(860.000000, 425.000000), (860.000000, 410.000000), 0.049506, -0.048218, 1
(860.000000, 410.000000), (875.000000, 410.000000), 0.036442, -0.038075, 0
(875.000000, 410.000000), (875.000000, 425.000000), 0.020279, 0.065043, 1
(875.000000, 425.000000), (860.000000, 425.000000), 0.067351, -0.015948, 0
(860.000000, 425.000000), (860.000000, 440.000000), -0.063987, 0.020909, 1
(860.000000, 440.000000), (875.000000, 440.000000), 0.038716, 0.038447, 0
(875.000000, 440.000000), (875.000000, 455.000000), -0.053966, 0.069460, 0
(875.000000, 455.000000), (890.000000, 455.000000), -0.009840, 0.048170, 0
(890.000000, 455.000000), (890.000000, 440.000000), 0.042610, 0.002545, 0
(890.000000, 440.000000), (905.000000, 440.000000), -0.014640, -0.038696, 1
(905.000000, 440.000000), (905.000000, 455.000000), -0.027689, -0.034557, 0
(905.000000, 455.000000), (890.000000, 455.000000), 0.036187, -0.066229, 1
(890.000000, 455.000000), (890.000000, 470.000000), -0.051224, -0.052909, 1
(890.000000, 470.000000), (875.000000, 470.000000), -0.057093, -0.021776, 1
(875.000000, 470.000000), (875.000000, 455.000000), -0.028718, -0.009752, 1
(875.000000, 455.000000), (860.000000, 455.000000), -0.031114, 0.038116, 0
(860.000000, 455.000000), (860.000000, 470.000000), 0.064555, -0.030740, 1
(860.000000, 470.000000), (875.000000, 470.000000), -0.027030, -0.055216, 0
(875.000000, 470.000000), (875.000000, 485.000000), -0.056121, 0.068790, 0
(875.000000, 485.000000), (860.000000, 485.000000), 0.066137, -0.066700, 1
(860.000000, 485.000000), (860.000000, 500.000000), 0.009408, 0.048994, 0
(860.000000, 500.000000), (875.000000, 500.000000), -0.072636, 0.012407, 1
(875.000000, 500.000000), (875.000000, 515.000000), 0.047643, -0.035193, 1
(875.000000, 515.000000), (890.000000, 515.000000), 0.061412, 0.065182, 0
(890.000000, 515.000000), (890.000000, 500.000000), -0.037003, -0.052523, 1
(890.000000, 500.000000), (905.000000, 500.000000), 0.025053, -0.010600, 0
(905.000000, 500.000000), (905.000000, 515.000000), 0.049903, -0.005059, 1
(905.000000, 515.000000), (890.000000, 515.000000), 0.021511, 0.004249, 1
(890.000000, 515.000000), (890.000000, 530.000000), -0.073003, 0.073214, 0
(890.000000, 530.000000), (875.000000, 530.000000), -0.071226, 0.036960, 0
(875.000000, 530.000000), (875.000000, 515.000000), -0.071322, 0.034607, 0
(875.000000, 515.000000), (860.000000, 515.000000), 0.042418, -0.032440, 1
(860.000000, 515.000000), (860.000000, 530.000000), -0.063266, -0.000510, 0
(860.000000, 530.000000), (845.000000, 530.000000), -0.009310, -0.071600, 0
(845.000000, 530.000000), (845.000000, 515.000000), -0.039098, 0.049981, 1
(845.000000, 515.000000), (860.000000, 515.000000), -0.004057, 0.031864, 0
(860.000000, 515.000000), (860.000000, 500.000000), 0.015019, -0.036980, 0
(860.000000, 500.000000), (845.000000, 500.000000), 0.072791, -0.003963, 0
(845.000000, 500.000000), (845.000000, 485.000000), 0.061064, -0.069955, 1
(845.000000, 485.000000), (830.000000, 485.000000), -0.035020, -0.041892, 0
(830.000000, 485.000000), (830.000000, 500.000000), -0.007776, -0.033280, 1
(830.000000, 500.000000), (845.000000, 500.000000), -0.034722, 0.070460, 1
(845.000000, 500.000000), (845.000000, 515.000000), 0.070994, 0.063596, 1
(845.000000, 515.000000), (830.000000, 515.000000), 0.025667, -0.037788, 1
(830.000000, 515.000000), (830.000000, 530.000000), 0.056850, 0.016832, 0
(830.000000, 530.000000), (815.000000, 530.000000), -0.013146, -0.048725, 1
(815.000000, 530.000000), (815.000000, 515.000000), -0.069213, -0.021255, 1
(815.000000, 515.000000), (800.000000, 515.000000), -0.022945, -0.038599, 1
(800.000000, 515.000000), (800.000000, 530.000000), 0.066937, -0.022375, 1
(800.000000, 530.000000), (815.000000, 530.000000), 0.026574, -0.063493, 0
(815.000000, 530.000000), (815.000000, 545.000000), -0.011556, -0.020779, 1
(815.000000, 545.000000), (800.000000, 545.000000), -0.020060, -0.047149, 1
(800.000000, 545.000000), (800.000000, 560.000000), 0.014007, -0.031590, 1
(800.000000, 560.000000), (815.000000, 560.000000), 0.046485, -0.063215, 1
(815.000000, 560.000000), (815.000000, 575.000000), 0.048204, 0.009431, 1
(815.000000, 575.000000), (830.000000, 575.000000), 0.054413, 0.004736, 0
(830.000000, 575.000000), (830.000000, 560.000000), 0.000274, 0.001777, 0
(830.000000, 560.000000), (845.000000, 560.000000), 0.045902, 0.053696, 1
(845.000000, 560.000000), (845.000000, 575.000000), -0.073276, 0.066428, 0
(845.000000, 575.000000), (830.000000, 575.000000), -0.031425, -0.030864, 0
(830.000000, 575.000000), (830.000000, 590.000000), 0.050138, -0.050807, 1
(830.000000, 590.000000), (815.000000, 590.000000), 0.072813, 0.059041, 1
(815.000000, 590.000000), (815.000000, 575.000000), 0.036712, 0.019158, 1
(815.000000, 575.000000), (800.000000, 575.000000), 0.041604, -0.073911, 0
(800.000000, 575.000000), (800.000000, 590.000000), 0.004703, -0.005941, 0
(800.000000, 590.000000), (785.000000, 590.000000), -0.020704, 0.019450, 0
(785.000000, 590.000000), (785.000000, 575.000000), 0.059850, 0.049171, 1
(785.000000, 575.000000), (800.000000, 575.000000), -0.064421, -0.011715, 1
(800.000000, 575.000000), (800.000000, 560.000000), -0.017256, -0.032147, 0
(800.000000, 560.000000), (785.000000, 560.000000), 0.038551, -0.038678, 0
(785.000000, 560.000000), (785.000000, 545.000000), -0.073668, -0.006095, 0
(785.000000, 545.000000), (770.000000, 545.000000), 0.032532, 0.029977, 1
(770.000000, 545.000000), (770.000000, 560.000000), 0.010244, -0.021964, 0
(770.000000, 560.000000), (755.000000, 560.000000), -0.052830, 0.065187, 1
(755.000000, 560.000000), (755.000000, 545.000000), -0.023871, -0.061635, 0
(755.000000, 545.000000), (770.000000, 545.000000), -0.062795, -0.007056, 0
(770.000000, 545.000000), (770.000000, 530.000000), -0.038593, 0.060840, 0
(770.000000, 530.000000), (785.000000, 530.000000), -0.024916, -0.043451, 1
(785.000000, 530.000000), (785.000000, 545.000000), -0.041881, -0.024177, 1
(785.000000, 545.000000), (800.000000, 545.000000), -0.005620, 0.052230, 0
(800.000000, 545.000000), (800.000000, 530.000000), -0.044559, 0.007336, 1
(800.000000, 530.000000), (785.000000, 530.000000), 0.055672, 0.020572, 0
(785.000000, 530.000000), (785.000000, 515.000000), -0.016898, 0.045354, 0
(785.000000, 515.000000), (800.000000, 515.000000), 0.018538, -0.050671, 1
(800.000000, 515.000000), (800.000000, 500.000000), -0.060174, 0.011469, 1
(800.000000, 500.000000), (785.000000, 500.000000), 0.069302, 0.015398, 1
(785.000000, 500.000000), (785.000000, 485.000000), -0.040274, -0.032465, 1
(785.000000, 485.000000), (770.000000, 485.000000), -0.008086, 0.025046, 0
(770.000000, 485.000000), (770.000000, 500.000000), 0.000177, 0.072322, 0
(770.000000, 500.000000), (785.000000, 500.000000), -0.052953, -0.017552, 1
(785.000000, 500.000000), (785.000000, 515.000000), -0.023351, -0.055030, 0
(785.000000, 515.000000), (770.000000, 515.000000), 0.035195, -0.059590, 1
(770.000000, 515.000000), (770.000000, 530.000000), 0.074776, -0.028416, 1
(770.000000, 530.000000), (755.000000, 530.000000), 0.013853, -0.063199, 0
(755.000000, 530.000000), (755.000000, 515.000000), 0.059464, 0.053630, 1
(755.000000, 515.000000), (740.000000, 515.000000), 0.071715, -0.003759, 1
(740.000000, 515.000000), (740.000000, 530.000000), 0.010854, 0.045368, 1
(740.000000, 530.000000), (725.000000, 530.000000), -0.074328, 0.023015, 1
(725.000000, 530.000000), (725.000000, 515.000000), -0.044495, 0.027191, 1
(725.000000, 515.000000), (740.000000, 515.000000), -0.029112, -0.013139, 1
(740.000000, 515.000000), (740.000000, 500.000000), 0.018117, 0.008906, 1
(740.000000, 500.000000), (725.000000, 500.000000), -0.032696, 0.002937, 1
(725.000000, 500.000000), (725.000000, 485.000000), -0.074996, 0.032856, 0
(725.000000, 485.000000), (710.000000, 485.000000), 0.026398, -0.018327, 0
(710.000000, 485.000000), (710.000000, 500.000000), -0.006840, 0.054948, 0
(710.000000, 500.000000), (725.000000, 500.000000), 0.027903, 0.029785, 1
(725.000000, 500.000000), (725.000000, 515.000000), -0.023085, 0.037042, 1
(725.000000, 515.000000), (710.000000, 515.000000), -0.053677, -0.009722, 0
(710.000000, 515.000000), (710.000000, 530.000000), 0.067008, -0.028820, 1
(710.000000, 530.000000), (695.000000, 530.000000), -0.022383, -0.006499, 1
(695.000000, 530.000000), (695.000000, 515.000000), 0.062482, 0.023172, 0
(695.000000, 515.000000), (680.000000, 515.000000), 0.071266, 0.056342, 1
(680.000000, 515.000000), (680.000000, 530.000000), -0.059649, -0.007556, 1
(680.000000, 530.000000), (695.000000, 530.000000), -0.070893, 0.074854, 0
(695.000000, 530.000000), (695.000000, 545.000000), 0.042406, -0.059952, 0
(695.000000, 545.000000), (680.000000, 545.000000), -0.002760, 0.046194, 0
(680.000000, 545.000000), (680.000000, 560.000000), -0.049830, 0.072049, 1
(680.000000, 560.000000), (695.000000, 560.000000), -0.037754, 0.071181, 1
(695.000000, 560.000000), (695.000000, 575.000000), 0.030603, -0.074448, 1
(695.000000, 575.000000), (710.000000, 575.000000), 0.031968, 0.032940, 1
(710.000000, 575.000000), (710.000000, 560.000000), -0.074684, 0.019380, 0
(710.000000, 560.000000), (725.000000, 560.000000), -0.054779, 0.009811, 0
(725.000000, 560.000000), (725.000000, 575.000000), 0.008296, 0.039713, 1
(725.000000, 575.000000), (710.000000, 575.000000), -0.021312, -0.014705, 1
(710.000000, 575.000000), (710.000000, 590.000000), -0.030860, -0.039553, 1
(710.000000, 590.000000), (695.000000, 590.000000), -0.062507, 0.051794, 0
(695.000000, 590.000000), (695.000000, 575.000000), 0.005381, -0.042350, 0
(695.000000, 575.000000), (680.000000, 575.000000), -0.004359, -0.033213, 0
(680.000000, 575.000000), (680.000000, 590.000000), -0.039089, -0.007370, 1
(680.000000, 590.000000), (665.000000, 590.000000), -0.056037, -0.049138, 0
(665.000000, 590.000000), (665.000000, 575.000000), -0.052141, -0.067539, 0
(665.000000, 575.000000), (680.000000, 575.000000), 0.008151, -0.009747, 1
(680.000000, 575.000000), (680.000000, 560.000000), 0.028786, -0.020514, 1
(680.000000, 560.000000), (665.000000, 560.000000), 0.011933, 0.047184, 0
(665.000000, 560.000000), (665.000000, 545.000000), 0.011810, -0.010116, 1
(665.000000, 545.000000), (650.000000, 545.000000), -0.017910, 0.049890, 1
(650.000000, 545.000000), (650.000000, 560.000000), -0.022083, 0.026546, 1
(650.000000, 560.000000), (635.000000, 560.000000), -0.059039, -0.074819, 0
(635.000000, 560.000000), (635.000000, 545.000000), -0.053444, 0.000001, 1
(635.000000, 545.000000), (650.000000, 545.000000), -0.069275, 0.030070, 0
(650.000000, 545.000000), (650.000000, 530.000000), -0.025076, 0.052917, 1
(650.000000, 530.000000), (665.000000, 530.000000), -0.009083, 0.001492, 0
(665.000000, 530.000000), (665.000000, 545.000000), 0.052576, 0.010916, 1
(665.000000, 545.000000), (680.000000, 545.000000), -0.063772, 0.011903, 1
(680.000000, 545.000000), (680.000000, 530.000000), 0.009528, 0.026187, 1
(680.000000, 530.000000), (665.000000, 530.000000), 0.037485, 0.068332, 0
(665.000000, 530.000000), (665.000000, 515.000000), -0.071609, -0.053165, 1
(665.000000, 515.000000), (680.000000, 515.000000), 0.007685, 0.017953, 0
(680.000000, 515.000000), (680.000000, 500.000000), -0.014410, 0.063254, 0
(680.000000, 500.000000), (665.000000, 500.000000), -0.074452, -0.072267, 1
(665.000000, 500.000000), (665.000000, 485.000000), 0.019679, 0.032271, 0
(665.000000, 485.000000), (650.000000, 485.000000), 0.027778, 0.049030, 0
(650.000000, 485.000000), (650.000000, 500.000000), -0.059156, -0.029446, 1
(650.000000, 500.000000), (635.000000, 500.000000), -0.049641, 0.038569, 1
(635.000000, 500.000000), (635.000000, 485.000000), 0.045119, -0.006176, 1
(635.000000, 485.000000), (650.000000, 485.000000), 0.023811, 0.038323, 1
(650.000000, 485.000000), (650.000000, 470.000000), 0.045745, -0.071720, 1
(650.000000, 470.000000), (665.000000, 470.000000), -0.047917, -0.011224, 0
(665.000000, 470.000000), (665.000000, 485.000000), 0.022747, 0.063897, 0
(665.000000, 485.000000), (680.000000, 485.000000), 0.039926, 0.033378, 0
(680.000000, 485.000000), (680.000000, 470.000000), -0.052629, -0.061701, 0
(680.000000, 470.000000), (695.000000, 470.000000), -0.042960, -0.057967, 1
(695.000000, 470.000000), (695.000000, 485.000000), 0.041058, -0.029579, 1
(695.000000, 485.000000), (680.000000, 485.000000), -0.047841, 0.016088, 1
(680.000000, 485.000000), (680.000000, 500.000000), -0.061117, 0.060494, 0
(680.000000, 500.000000), (695.000000, 500.000000), 0.014151, -0.030644, 1
(695.000000, 500.000000), (695.000000, 515.000000), 0.061443, 0.071168, 0
(695.000000, 515.000000), (710.000000, 515.000000), 0.028667, -0.005558, 1
(710.000000, 515.000000), (710.000000, 500.000000), 0.040355, 0.002917, 1
(710.000000, 500.000000), (695.000000, 500.000000), 0.053164, 0.060809, 1
(695.000000, 500.000000), (695.000000, 485.000000), -0.066574, -0.011254, 1
(695.000000, 485.000000), (710.000000, 485.000000), -0.071862, 0.070048, 1
(710.000000, 485.000000), (710.000000, 470.000000), 0.000623, -0.071812, 1
(710.000000, 470.000000), (725.000000, 470.000000), 0.009468, -0.014610, 0
(725.000000, 470.000000), (725.000000, 485.000000), 0.035437, -0.053548, 1
(725.000000, 485.000000), (740.000000, 485.000000), -0.031454, 0.074915, 1
(740.000000, 485.000000), (740.000000, 470.000000), -0.037421, -0.063819, 0
(740.000000, 470.000000), (725.000000, 470.000000), -0.002791, 0.020721, 0
(725.000000, 470.000000), (725.000000, 455.000000), -0.008269, 0.073216, 1
(725.000000, 455.000000), (740.000000, 455.000000), 0.073566, -0.073630, 1
(740.000000, 455.000000), (740.000000, 440.000000), -0.048622, -0.018773, 0
(740.000000, 440.000000), (725.000000, 440.000000), -0.003133, -0.034839, 1
(725.000000, 440.000000), (725.000000, 425.000000), 0.041000, 0.042445, 1
(725.000000, 425.000000), (710.000000, 425.000000), 0.045908, 0.070889, 1
(710.000000, 425.000000), (710.000000, 440.000000), 0.055594, 0.051497, 1
(710.000000, 440.000000), (725.000000, 440.000000), 0.012557, -0.012913, 1
(725.000000, 440.000000), (725.000000, 455.000000), -0.001446, -0.045548, 1
(725.000000, 455.000000), (710.000000, 455.000000), -0.013183, 0.002089, 1
(710.000000, 455.000000), (710.000000, 470.000000), 0.025154, -0.060139, 1
(710.000000, 470.000000), (695.000000, 470.000000), 0.040782, 0.070065, 0
(695.000000, 470.000000), (695.000000, 455.000000), 0.055695, -0.058309, 1
(695.000000, 455.000000), (680.000000, 455.000000), -0.062142, 0.023670, 1
(680.000000, 455.000000), (680.000000, 470.000000), 0.036217, -0.053349, 1
(680.000000, 470.000000), (665.000000, 470.000000), 0.072898, 0.007084, 0
(665.000000, 470.000000), (665.000000, 455.000000), -0.057868, -0.016058, 0
(665.000000, 455.000000), (680.000000, 455.000000), -0.004818, 0.005056, 0
(680.000000, 455.000000), (680.000000, 440.000000), 0.041266, 0.072232, 1
(680.000000, 440.000000), (665.000000, 440.000000), 0.030797, -0.016099, 0
(665.000000, 440.000000), (665.000000, 425.000000), -0.067229, -0.012380, 0
(665.000000, 425.000000), (650.000000, 425.000000), -0.042199, -0.042827, 0
(650.000000, 425.000000), (650.000000, 440.000000), -0.073827, -0.067927, 1
(650.000000, 440.000000), (635.000000, 440.000000), -0.073099, -0.000066, 0
(635.000000, 440.000000), (635.000000, 425.000000), -0.047095, 0.020791, 0
(635.000000, 425.000000), (650.000000, 425.000000), 0.045417, 0.025764, 0
(650.000000, 425.000000), (650.000000, 410.000000), 0.036065, -0.068198, 0
(650.000000, 410.000000), (665.000000, 410.000000), -0.014147, -0.027758, 1
(665.000000, 410.000000), (665.000000, 425.000000), -0.053621, -0.050146, 1
(665.000000, 425.000000), (680.000000, 425.000000), -0.045562, -0.025891, 1
(680.000000, 425.000000), (680.000000, 410.000000), -0.073333, -0.016491, 0
(680.000000, 410.000000), (665.000000, 410.000000), 0.067063, -0.004161, 0
(665.000000, 410.000000), (665.000000, 395.000000), -0.056835, 0.031676, 0
(665.000000, 395.000000), (680.000000, 395.000000), -0.018038, 0.007734, 1
(680.000000, 395.000000), (680.000000, 380.000000), -0.026949, -0.071716, 1
(680.000000, 380.000000), (665.000000, 380.000000), -0.061361, 0.017971, 0
(665.000000, 380.000000), (665.000000, 365.000000), 0.071049, 0.052833, 1
(665.000000, 365.000000), (650.000000, 365.000000), 0.034014, 0.029942, 0
(650.000000, 365.000000), (650.000000, 380.000000), 0.025939, -0.027099, 0
(650.000000, 380.000000), (665.000000, 380.000000), -0.059235, 0.065694, 0
(665.000000, 380.000000), (665.000000, 395.000000), 0.063353, -0.012144, 0
(665.000000, 395.000000), (650.000000, 395.000000), -0.048450, -0.003477, 0
(650.000000, 395.000000), (650.000000, 410.000000), -0.002164, 0.038245, 0
(650.000000, 410.000000), (635.000000, 410.000000), -0.053199, 0.017911, 1
(635.000000, 410.000000), (635.000000, 395.000000), -0.005578, 0.065050, 0
(635.000000, 395.000000), (620.000000, 395.000000), 0.060925, 0.054858, 0
(620.000000, 395.000000), (620.000000, 410.000000), -0.014128, -0.049007, 1
(620.000000, 410.000000), (605.000000, 410.000000), -0.041306, 0.073268, 1
(605.000000, 410.000000), (605.000000, 395.000000), 0.039660, 0.029510, 0
(605.000000, 395.000000), (620.000000, 395.000000), -0.032309, 0.042513, 0
(620.000000, 395.000000), (620.000000, 380.000000), -0.014102, -0.030030, 0
(620.000000, 380.000000), (605.000000, 380.000000), -0.024766, 0.026431, 1
(605.000000, 380.000000), (605.000000, 365.000000), 0.001444, 0.044900, 0
(605.000000, 365.000000), (590.000000, 365.000000), 0.006022, 0.061826, 0
(590.000000, 365.000000), (590.000000, 380.000000), 0.011590, -0.061507, 0
(590.000000, 380.000000), (605.000000, 380.000000), -0.004540, -0.039143, 1
(605.000000, 380.000000), (605.000000, 395.000000), 0.011730, 0.036454, 0
(605.000000, 395.000000), (590.000000, 395.000000), 0.050762, -0.005361, 0
(590.000000, 395.000000), (590.000000, 410.000000), 0.039939, 0.040312, 1
(590.000000, 410.000000), (575.000000, 410.000000), -0.016849, 0.047819, 0
(575.000000, 410.000000), (575.000000, 395.000000), 0.041392, 0.041936, 1
(575.000000, 395.000000), (560.000000, 395.000000), -0.068360, -0.020549, 0
(560.000000, 395.000000), (560.000000, 410.000000), -0.051285, -0.030567, 1
(560.000000, 410.000000), (575.000000, 410.000000), -0.031446, 0.028968, 1
(575.000000, 410.000000), (575.000000, 425.000000), -0.038325, -0.054418, 0
(575.000000, 425.000000), (560.000000, 425.000000), 0.036874, 0.025097, 1
(560.000000, 425.000000), (560.000000, 440.000000), -0.064855, 0.072517, 1
(560.000000, 440.000000), (575.000000, 440.000000), -0.058299, -0.047602, 0
(575.000000, 440.000000), (575.000000, 455.000000), -0.059300, -0.020124, 0
(575.000000, 455.000000), (590.000000, 455.000000), 0.003877, 0.042122, 0
(590.000000, 455.000000), (590.000000, 440.000000), 0.020871, 0.054649, 0
(590.000000, 440.000000), (575.000000, 440.000000), 0.014848, -0.032390, 0
(575.000000, 440.000000), (575.000000, 425.000000), -0.053972, 0.020179, 1
(575.000000, 425.000000), (590.000000, 425.000000), -0.032199, -0.060909, 1
(590.000000, 425.000000), (590.000000, 410.000000), -0.046007, -0.003278, 1
(590.000000, 410.000000), (605.000000, 410.000000), -0.067840, -0.051644, 1
(605.000000, 410.000000), (605.000000, 425.000000), 0.074831, 0.030307, 0
(605.000000, 425.000000), (620.000000, 425.000000), 0.009548, -0.052020, 1
(620.000000, 425.000000), (620.000000, 410.000000), -0.038540, -0.072867, 0
(620.000000, 410.000000), (635.000000, 410.000000), -0.073384, -0.026646, 1
(635.000000, 410.000000), (635.000000, 425.000000), -0.036826, 0.012079, 0
(635.000000, 425.000000), (620.000000, 425.000000), -0.065192, 0.010453, 1
(620.000000, 425.000000), (620.000000, 440.000000), 0.024297, -0.004249, 0
(620.000000, 440.000000), (635.000000, 440.000000), -0.074384, 0.035025, 1
(635.000000, 440.000000), (635.000000, 455.000000), 0.070888, 0.026772, 1
(635.000000, 455.000000), (650.000000, 455.000000), 0.010827, 0.017269, 0
(650.000000, 455.000000), (650.000000, 440.000000), 0.018282, 0.052995, 0
(650.000000, 440.000000), (665.000000, 440.000000), 0.042079, 0.036115, 1
(665.000000, 440.000000), (665.000000, 455.000000), -0.061032, 0.025108, 0
(665.000000, 455.000000), (650.000000, 455.000000), -0.064031, 0.035096, 1
(650.000000, 455.000000), (650.000000, 470.000000), -0.039495, 0.021925, 0
(650.000000, 470.000000), (635.000000, 470.000000), -0.011920, 0.010501, 0
(635.000000, 470.000000), (635.000000, 455.000000), 0.018353, 0.027329, 1
(635.000000, 455.000000), (620.000000, 455.000000), -0.058126, -0.038303, 1
(620.000000, 455.000000), (620.000000, 470.000000), -0.010476, -0.040686, 1
(620.000000, 470.000000), (635.000000, 470.000000), -0.019547, 0.048685, 1
(635.000000, 470.000000), (635.000000, 485.000000), -0.053065, -0.056648, 0
(635.000000, 485.000000), (620.000000, 485.000000), 0.067366, 0.040197, 1
(620.000000, 485.000000), (620.000000, 500.000000), -0.023021, 0.007479, 1
(620.000000, 500.000000), (635.000000, 500.000000), 0.064516, 0.036371, 1
(635.000000, 500.000000), (635.000000, 515.000000), 0.053221, 0.039880, 0
(635.000000, 515.000000), (650.000000, 515.000000), -0.025156, 0.055652, 1
(650.000000, 515.000000), (650.000000, 500.000000), 0.043111, -0.041009, 1
(650.000000, 500.000000), (665.000000, 500.000000), -0.074355, -0.054368, 0
(665.000000, 500.000000), (665.000000, 515.000000), -0.048317, -0.038418, 1
(665.000000, 515.000000), (650.000000, 515.000000), -0.009750, -0.044393, 0
(650.000000, 515.000000), (650.000000, 530.000000), 0.033681, -0.045019, 0
(650.000000, 530.000000), (635.000000, 530.000000), -0.031591, -0.063906, 0
(635.000000, 530.000000), (635.000000, 515.000000), 0.055124, -0.024307, 1
(635.000000, 515.000000), (620.000000, 515.000000), 0.032235, -0.006352, 0
(620.000000, 515.000000), (620.000000, 530.000000), -0.031994, -0.017442, 1
(620.000000, 530.000000), (605.000000, 530.000000), -0.015152, 0.072576, 0
(605.000000, 530.000000), (605.000000, 515.000000), -0.019836, -0.037152, 0
(605.000000, 515.000000), (620.000000, 515.000000), -0.047557, -0.044300, 0
(620.000000, 515.000000), (620.000000, 500.000000), -0.012309, -0.028910, 1
(620.000000, 500.000000), (605.000000, 500.000000), -0.018117, 0.039302, 0
(605.000000, 500.000000), (605.000000, 485.000000), -0.050375, 0.063681, 0
(605.000000, 485.000000), (590.000000, 485.000000), -0.022976, -0.073809, 0
(590.000000, 485.000000), (590.000000, 500.000000), -0.012744, -0.071441, 1
(590.000000, 500.000000), (605.000000, 500.000000), -0.053055, -0.035366, 0
(605.000000, 500.000000), (605.000000, 515.000000), -0.072776, 0.014172, 0
(605.000000, 515.000000), (590.000000, 515.000000), -0.047637, -0.005874, 0
(590.000000, 515.000000), (590.000000, 530.000000), -0.028661, -0.058477, 1
(590.000000, 530.000000), (575.000000, 530.000000), 0.033265, 0.044375, 0
(575.000000, 530.000000), (575.000000, 515.000000), -0.069796, 0.015585, 0
(575.000000, 515.000000), (560.000000, 515.000000), -0.068436, 0.062565, 0
(560.000000, 515.000000), (560.000000, 530.000000), 0.063620, 0.025741, 0
(560.000000, 530.000000), (575.000000, 530.000000), -0.020859, -0.042471, 0
(575.000000, 530.000000), (575.000000, 545.000000), -0.025319, -0.011292, 1
(575.000000, 545.000000), (560.000000, 545.000000), -0.063632, 0.005491, 1
(560.000000, 545.000000), (560.000000, 560.000000), 0.027464, -0.058433, 1
(560.000000, 560.000000), (575.000000, 560.000000), -0.046852, 0.020317, 1
(575.000000, 560.000000), (575.000000, 575.000000), -0.059953, -0.018827, 1
(575.000000, 575.000000), (590.000000, 575.000000), 0.032090, 0.039694, 1
(590.000000, 575.000000), (590.000000, 560.000000), 0.040738, 0.046008, 1
(590.000000, 560.000000), (605.000000, 560.000000), 0.038034, -0.060284, 1
(605.000000, 560.000000), (605.000000, 575.000000), -0.011355, -0.020499, 1
(605.000000, 575.000000), (590.000000, 575.000000), -0.073443, 0.071390, 0
(590.000000, 575.000000), (590.000000, 590.000000), -0.011308, 0.050872, 1
(590.000000, 590.000000), (575.000000, 590.000000), 0.050633, 0.017801, 1
(575.000000, 590.000000), (575.000000, 575.000000), 0.033933, 0.019707, 0
(575.000000, 575.000000), (560.000000, 575.000000), -0.028970, 0.027408, 0
(560.000000, 575.000000), (560.000000, 590.000000), 0.018149, 0.047040, 0
(560.000000, 590.000000), (545.000000, 590.000000), 0.006409, 0.039728, 0
(545.000000, 590.000000), (545.000000, 575.000000), -0.012959, 0.028129, 1
(545.000000, 575.000000), (560.000000, 575.000000), 0.001178, 0.050032, 0
(560.000000, 575.000000), (560.000000, 560.000000), 0.054475, -0.039991, 1
(560.000000, 560.000000), (545.000000, 560.000000), 0.061039, 0.007330, 1
(545.000000, 560.000000), (545.000000, 545.000000), -0.062409, -0.070795, 1
(545.000000, 545.000000), (530.000000, 545.000000), -0.018515, -0.019188, 0
(530.000000, 545.000000), (530.000000, 560.000000), 0.049458, -0.014116, 1
(530.000000, 560.000000), (515.000000, 560.000000), -0.011424, -0.015800, 1
(515.000000, 560.000000), (515.000000, 545.000000), -0.063818, 0.005789, 0
(515.000000, 545.000000), (530.000000, 545.000000), 0.005970, 0.040817, 1
(530.000000, 545.000000), (530.000000, 530.000000), 0.028536, -0.002385, 1
(530.000000, 530.000000), (545.000000, 530.000000), -0.029827, -0.060699, 0
(545.000000, 530.000000), (545.000000, 545.000000), -0.018011, -0.031190, 0
(545.000000, 545.000000), (560.000000, 545.000000), 0.035320, -0.039794, 1
(560.000000, 545.000000), (560.000000, 530.000000), 0.018096, -0.052979, 1
(560.000000, 530.000000), (545.000000, 530.000000), 0.049606, 0.025438, 0
(545.000000, 530.000000), (545.000000, 515.000000), 0.007289, -0.068727, 1
(545.000000, 515.000000), (560.000000, 515.000000), 0.063943, -0.023378, 0
(560.000000, 515.000000), (560.000000, 500.000000), -0.025998, -0.011666, 0
(560.000000, 500.000000), (545.000000, 500.000000), 0.063504, -0.042232, 0
(545.000000, 500.000000), (545.000000, 485.000000), 0.025126, 0.023505, 0
(545.000000, 485.000000), (530.000000, 485.000000), -0.053779, 0.057836, 0
(530.000000, 485.000000), (530.000000, 500.000000), -0.028997, -0.006806, 0
(530.000000, 500.000000), (545.000000, 500.000000), -0.025033, 0.043408, 1
(545.000000, 500.000000), (545.000000, 515.000000), 0.065438, 0.019644, 0
(545.000000, 515.000000), (530.000000, 515.000000), 0.019995, 0.049105, 0
(530.000000, 515.000000), (530.000000, 530.000000), -0.003409, -0.019018, 0
(530.000000, 530.000000), (515.000000, 530.000000), 0.000916, -0.058724, 0
(515.000000, 530.000000), (515.000000, 515.000000), -0.072267, 0.026868, 0
(515.000000, 515.000000), (500.000000, 515.000000), 0.034876, 0.017901, 1
(500.000000, 515.000000), (500.000000, 530.000000), 0.030402, -0.011713, 1
(500.000000, 530.000000), (485.000000, 530.000000), 0.040703, 0.063405, 0
(485.000000, 530.000000), (485.000000, 515.000000), -0.047748, 0.012699, 1
(485.000000, 515.000000), (500.000000, 515.000000), 0.042460, 0.031028, 1
(500.000000, 515.000000), (500.000000, 500.000000), -0.051071, 0.061242, 0
(500.000000, 500.000000), (485.000000, 500.000000), -0.016785, -0.061549, 1
(485.000000, 500.000000), (485.000000, 485.000000), 0.062296, 0.023448, 0
(485.000000, 485.000000), (470.000000, 485.000000), -0.033422, -0.028639, 0
(470.000000, 485.000000), (470.000000, 500.000000), -0.071602, 0.042643, 1
(470.000000, 500.000000), (485.000000, 500.000000), 0.010418, -0.039235, 1
(485.000000, 500.000000), (485.000000, 515.000000), 0.068466, 0.032636, 1
(485.000000, 515.000000), (470.000000, 515.000000), -0.061377, -0.022165, 0
(470.000000, 515.000000), (470.000000, 530.000000), 0.001145, 0.068277, 1
(470.000000, 530.000000), (455.000000, 530.000000), -0.060966, 0.049153, 1
(455.000000, 530.000000), (455.000000, 515.000000), -0.054896, 0.008218, 1
(455.000000, 515.000000), (440.000000, 515.000000), -0.068033, 0.039789, 1
(440.000000, 515.000000), (440.000000, 530.000000), 0.023589, -0.026733, 0
(440.000000, 530.000000), (455.000000, 530.000000), -0.011477, 0.050431, 1
(455.000000, 530.000000), (455.000000, 545.000000), 0.001662, 0.017802, 1
(455.000000, 545.000000), (440.000000, 545.000000), -0.057895, -0.035405, 1
(440.000000, 545.000000), (440.000000, 560.000000), -0.067752, -0.059659, 0
(440.000000, 560.000000), (455.000000, 560.000000), 0.016985, 0.021980, 1
(455.000000, 560.000000), (455.000000, 575.000000), -0.006665, 0.064404, 0
(455.000000, 575.000000), (470.000000, 575.000000), -0.052361, -0.064511, 1
(470.000000, 575.000000), (470.000000, 560.000000), -0.062980, 0.071620, 0
(470.000000, 560.000000), (455.000000, 560.000000), -0.002124, -0.000360, 1
(455.000000, 560.000000), (455.000000, 545.000000), -0.013680, 0.016029, 0
(455.000000, 545.000000), (470.000000, 545.000000), -0.070675, -0.013982, 0
(470.000000, 545.000000), (470.000000, 530.000000), -0.073478, 0.004682, 0
(470.000000, 530.000000), (485.000000, 530.000000), -0.043022, -0.028320, 0
(485.000000, 530.000000), (485.000000, 545.000000), -0.049629, 0.073638, 1
(485.000000, 545.000000), (500.000000, 545.000000), 0.035391, 0.033661, 0
(500.000000, 545.000000), (500.000000, 530.000000), -0.029059, -0.051126, 0
(500.000000, 530.000000), (515.000000, 530.000000), -0.055547, -0.065866, 1
(515.000000, 530.000000), (515.000000, 545.000000), 0.012201, -0.011625, 1
(515.000000, 545.000000), (500.000000, 545.000000), 0.070130, -0.035348, 0
(500.000000, 545.000000), (500.000000, 560.000000), 0.013914, 0.030484, 0
(500.000000, 560.000000), (515.000000, 560.000000), -0.027881, -0.045564, 1
(515.000000, 560.000000), (515.000000, 575.000000), 0.017374, -0.027456, 0
(515.000000, 575.000000), (530.000000, 575.000000), 0.032722, -0.062215, 0
(530.000000, 575.000000), (530.000000, 560.000000), -0.033254, 0.041448, 0
(530.000000, 560.000000), (545.000000, 560.000000), 0.015594, 0.034093, 0
(545.000000, 560.000000), (545.000000, 575.000000), 0.028460, 0.015846, 1
(545.000000, 575.000000), (530.000000, 575.000000), -0.049217, 0.055501, 0
(530.000000, 575.000000), (530.000000, 590.000000), 0.029258, 0.048155, 0
(530.000000, 590.000000), (515.000000, 590.000000), -0.028920, 0.039013, 1
(515.000000, 590.000000), (515.000000, 575.000000), 0.026342, 0.063897, 1
(515.000000, 575.000000), (500.000000, 575.000000), -0.000707, 0.054234, 0
(500.000000, 575.000000), (500.000000, 590.000000), 0.051560, 0.005357, 0
(500.000000, 590.000000), (515.000000, 590.000000), 0.067011, -0.050052, 0
(515.000000, 590.000000), (515.000000, 605.000000), -0.068303, 0.072529, 1
(515.000000, 605.000000), (500.000000, 605.000000), 0.029866, -0.043755, 1
(500.000000, 605.000000), (500.000000, 620.000000), 0.054812, 0.060549, 1
(500.000000, 620.000000), (515.000000, 620.000000), 0.074422, -0.066302, 1
(515.000000, 620.000000), (515.000000, 635.000000), -0.057941, 0.012500, 0
(515.000000, 635.000000), (530.000000, 635.000000), -0.004512, 0.056389, 1
(530.000000, 635.000000), (530.000000, 620.000000), -0.041712, -0.044429, 1
(530.000000, 620.000000), (545.000000, 620.000000), -0.041919, -0.064697, 0
(545.000000, 620.000000), (545.000000, 635.000000), 0.058980, -0.053550, 1
(545.000000, 635.000000), (530.000000, 635.000000), -0.009706, -0.036568, 0
(530.000000, 635.000000), (530.000000, 650.000000), -0.036712, -0.065881, 0
(530.000000, 650.000000), (515.000000, 650.000000), 0.034376, 0.063337, 1
(515.000000, 650.000000), (515.000000, 635.000000), 0.046160, 0.042337, 0
(515.000000, 635.000000), (500.000000, 635.000000), -0.006704, 0.052219, 0
(500.000000, 635.000000), (500.000000, 650.000000), 0.020793, -0.049252, 0
(500.000000, 650.000000), (485.000000, 650.000000), 0.018048, -0.071493, 1
(485.000000, 650.000000), (485.000000, 635.000000), 0.019769, 0.056233, 0
(485.000000, 635.000000), (500.000000, 635.000000), -0.001240, 0.062954, 0
(500.000000, 635.000000), (500.000000, 620.000000), 0.012178, 0.045095, 0
(500.000000, 620.000000), (485.000000, 620.000000), 0.031787, 0.074548, 1
(485.000000, 620.000000), (485.000000, 605.000000), -0.053442, -0.042538, 0
(485.000000, 605.000000), (470.000000, 605.000000), -0.003216, -0.062273, 1
(470.000000, 605.000000), (470.000000, 620.000000), 0.049569, -0.049248, 1
(470.000000, 620.000000), (485.000000, 620.000000), 0.012105, -0.051952, 1
(485.000000, 620.000000), (485.000000, 635.000000), 0.004467, -0.027945, 0
(485.000000, 635.000000), (470.000000, 635.000000), -0.002882, -0.033314, 1
(470.000000, 635.000000), (470.000000, 650.000000), 0.009778, -0.034801, 1
(470.000000, 650.000000), (455.000000, 650.000000), 0.051605, 0.023517, 1
(455.000000, 650.000000), (455.000000, 635.000000), -0.055686, -0.015026, 0
(455.000000, 635.000000), (440.000000, 635.000000), -0.046831, -0.011188, 1
(440.000000, 635.000000), (440.000000, 650.000000), -0.003329, 0.009397, 0
(440.000000, 650.000000), (455.000000, 650.000000), -0.034254, -0.065780, 1
(455.000000, 650.000000), (455.000000, 665.000000), -0.024902, 0.047856, 1
(455.000000, 665.000000), (440.000000, 665.000000), 0.039260, 0.071232, 0
(440.000000, 665.000000), (440.000000, 680.000000), -0.071153, -0.056887, 1
(440.000000, 680.000000), (455.000000, 680.000000), -0.027316, -0.015884, 1
(455.000000, 680.000000), (455.000000, 695.000000), 0.037170, 0.010878, 0
(455.000000, 695.000000), (470.000000, 695.000000), -0.006272, 0.037843, 1
(470.000000, 695.000000), (470.000000, 680.000000), 0.019867, 0.023949, 0
(470.000000, 680.000000), (455.000000, 680.000000), 0.023594, -0.017244, 1
(455.000000, 680.000000), (455.000000, 665.000000), -0.015491, -0.039762, 0
(455.000000, 665.000000), (470.000000, 665.000000), -0.068519, 0.034860, 0
(470.000000, 665.000000), (470.000000, 650.000000), -0.022001, -0.040737, 0
(470.000000, 650.000000), (485.000000, 650.000000), 0.030752, 0.018874, 0
(485.000000, 650.000000), (485.000000, 665.000000), 0.003348, 0.070795, 0
(485.000000, 665.000000), (500.000000, 665.000000), -0.015396, 0.032476, 0
(500.000000, 665.000000), (500.000000, 650.000000), 0.012498, -0.049268, 0
(500.000000, 650.000000), (515.000000, 650.000000), 0.040649, -0.037196, 1
(515.000000, 650.000000), (515.000000, 665.000000), -0.032687, -0.048147, 1
(515.000000, 665.000000), (500.000000, 665.000000), -0.005074, 0.034460, 0
(500.000000, 665.000000), (500.000000, 680.000000), 0.074445, 0.012155, 1
(500.000000, 680.000000), (515.000000, 680.000000), 0.039794, -0.030775, 0
(515.000000, 680.000000), (515.000000, 695.000000), 0.024070, -0.004119, 1
(515.000000, 695.000000), (530.000000, 695.000000), 0.033925, 0.013342, 0
(530.000000, 695.000000), (530.000000, 680.000000), -0.070281, -0.015026, 1
(530.000000, 680.000000), (545.000000, 680.000000), -0.048386, -0.014423, 1
(545.000000, 680.000000), (545.000000, 695.000000), 0.074170, -0.059748, 0
(545.000000, 695.000000), (530.000000, 695.000000), -0.048814, -0.052742, 0
(530.000000, 695.000000), (530.000000, 710.000000), -0.046684, 0.074919, 0
(530.000000, 710.000000), (515.000000, 710.000000), -0.022244, 0.065431, 0
(515.000000, 710.000000), (515.000000, 695.000000), -0.046958, -0.061561, 1
(515.000000, 695.000000), (500.000000, 695.000000), 0.051488, 0.061406, 0
(500.000000, 695.000000), (500.000000, 710.000000), 0.072722, 0.022841, 1
(500.000000, 710.000000), (515.000000, 710.000000), -0.069549, -0.016810, 0
(515.000000, 710.000000), (515.000000, 725.000000), -0.026414, 0.059323, 1
(515.000000, 725.000000), (500.000000, 725.000000), 0.031112, -0.058818, 0
(500.000000, 725.000000), (500.000000, 740.000000), -0.026650, 0.011018, 0
(500.000000, 740.000000), (515.000000, 740.000000), -0.050039, -0.020715, 0
(515.000000, 740.000000), (515.000000, 755.000000), -0.071609, 0.049199, 1
(515.000000, 755.000000), (530.000000, 755.000000), 0.002746, -0.039120, 0
(530.000000, 755.000000), (530.000000, 740.000000), 0.034705, -0.010524, 0
(530.000000, 740.000000), (515.000000, 740.000000), 0.064639, -0.034919, 1
(515.000000, 740.000000), (515.000000, 725.000000), 0.018719, -0.001948, 0
(515.000000, 725.000000), (530.000000, 725.000000), 0.017477, 0.044523, 1
(530.000000, 725.000000), (530.000000, 710.000000), -0.056642, -0.014339, 0
(530.000000, 710.000000), (545.000000, 710.000000), 0.070434, 0.065436, 1
(545.000000, 710.000000), (545.000000, 725.000000), -0.021692, -0.031405, 1
(545.000000, 725.000000), (560.000000, 725.000000), -0.020593, 0.074555, 0
(560.000000, 725.000000), (560.000000, 710.000000), -0.054759, 0.023766, 1
(560.000000, 710.000000), (575.000000, 710.000000), -0.010184, 0.052080, 1
(575.000000, 710.000000), (575.000000, 725.000000), 0.001813, 0.022633, 0
(575.000000, 725.000000), (560.000000, 725.000000), -0.037296, -0.049763, 1
(560.000000, 725.000000), (560.000000, 740.000000), -0.064008, -0.073498, 0
(560.000000, 740.000000), (575.000000, 740.000000), -0.013123, -0.032319, 0
(575.000000, 740.000000), (575.000000, 755.000000), 0.067744, -0.019138, 1
(575.000000, 755.000000), (590.000000, 755.000000), 0.022024, 0.013690, 0
(590.000000, 755.000000), (590.000000, 740.000000), -0.023980, -0.014583, 1
(590.000000, 740.000000), (575.000000, 740.000000), -0.028607, -0.069267, 0
(575.000000, 740.000000), (575.000000, 725.000000), -0.059205, 0.011348, 0
(575.000000, 725.000000), (590.000000, 725.000000), -0.062053, -0.074596, 0
(590.000000, 725.000000), (590.000000, 710.000000), 0.070624, 0.011753, 1
(590.000000, 710.000000), (605.000000, 710.000000), 0.014451, 0.007300, 0
(605.000000, 710.000000), (605.000000, 725.000000), 0.031733, -0.070994, 0
(605.000000, 725.000000), (620.000000, 725.000000), 0.040649, -0.020082, 1
(620.000000, 725.000000), (620.000000, 710.000000), -0.042510, -0.052094, 1
(620.000000, 710.000000), (605.000000, 710.000000), -0.010007, -0.052848, 0
(605.000000, 710.000000), (605.000000, 695.000000), -0.062034, -0.031325, 0
(605.000000, 695.000000), (620.000000, 695.000000), 0.061124, -0.066698, 0
(620.000000, 695.000000), (620.000000, 680.000000), -0.049969, -0.041280, 0
(620.000000, 680.000000), (605.000000, 680.000000), -0.050682, -0.044747, 0
(605.000000, 680.000000), (605.000000, 665.000000), -0.038290, 0.016176, 1
(605.000000, 665.000000), (590.000000, 665.000000), 0.072408, -0.062185, 1
(590.000000, 665.000000), (590.000000, 680.000000), -0.055302, 0.005925, 1
