200
(40, 40), (40.0, 50.0), 0.0, 0.1, 1
(40, 40), (45.8778525229, 48.0901699437), 0.0587785252292, 0.0809016994375, 1
(40, 40), (49.510565163, 43.0901699437), 0.0951056516295, 0.0309016994375, 1
(40, 40), (49.510565163, 36.9098300563), 0.0951056516295, -0.0309016994375, 1
(40, 40), (45.8778525229, 31.9098300563), 0.0587785252292, -0.0809016994375, 1
(40, 40), (40.0, 30.0), 1.22464679915e-17, -0.1, 1
(40, 40), (34.1221474771, 31.9098300563), -0.0587785252292, -0.0809016994375, 1
(40, 40), (30.489434837, 36.9098300563), -0.0951056516295, -0.0309016994375, 1
(40, 40), (30.489434837, 43.0901699437), -0.0951056516295, 0.0309016994375, 1
(40, 40), (34.1221474771, 48.0901699437), -0.0587785252292, 0.0809016994375, 1
(350, 350), (350.0, 550.0), 0.0, 0.16, 0
(350, 350), (375.066646713, 548.422940263), 0.0200533173703, 0.15873835221, 0
(350, 350), (399.737977433, 543.716632226), 0.0397903819464, 0.154973305781, 0
(350, 350), (423.624910537, 535.955297178), 0.0588999284295, 0.148764237742, 0
(350, 350), (446.35073482, 525.261336009), 0.0770805878563, 0.140209068807, 0
(350, 350), (467.557050458, 511.803398875), 0.0940456403668, 0.1294427191, 0
(350, 350), (486.909421186, 495.793725484), 0.109527536949, 0.116634980387, 0
(350, 350), (504.102648555, 477.48479795), 0.123282118844, 0.10198783836, 0
(350, 350), (518.8655851, 457.165358996), 0.13509246808, 0.0857322871966, 0
(350, 350), (530.965410493, 435.155858313), 0.144772328395, 0.0681246866504, 0
(350, 350), (540.211303259, 411.803398875), 0.152169042607, 0.0494427191, 0
(350, 350), (546.457450146, 387.476262917), 0.157165960117, 0.0299810103337, 0
(350, 350), (549.605345686, 362.558103906), 0.159684276549, 0.0100464831247, 0
(350, 350), (549.605345686, 337.441896094), 0.159684276549, -0.0100464831247, 0
(350, 350), (546.457450146, 312.523737083), 0.157165960117, -0.0299810103337, 0
(350, 350), (540.211303259, 288.196601125), 0.152169042607, -0.0494427191, 0
(350, 350), (530.965410493, 264.844141687), 0.144772328395, -0.0681246866504, 0
(350, 350), (518.8655851, 242.834641004), 0.13509246808, -0.0857322871966, 0
(350, 350), (504.102648555, 222.51520205), 0.123282118844, -0.10198783836, 0
(350, 350), (486.909421186, 204.206274516), 0.109527536949, -0.116634980387, 0
(350, 350), (467.557050458, 188.196601125), 0.0940456403668, -0.1294427191, 0
(350, 350), (446.35073482, 174.738663991), 0.0770805878563, -0.140209068807, 0
(350, 350), (423.624910537, 164.044702822), 0.0588999284295, -0.148764237742, 0
(350, 350), (399.737977433, 156.283367774), 0.0397903819464, -0.154973305781, 0
(350, 350), (375.066646713, 151.577059737), 0.0200533173703, -0.15873835221, 0
(350, 350), (350.0, 150.0), 1.95943487864e-17, -0.16, 0
(350, 350), (324.933353287, 151.577059737), -0.0200533173703, -0.15873835221, 0
(350, 350), (300.262022567, 156.283367774), -0.0397903819464, -0.154973305781, 0
(350, 350), (276.375089463, 164.044702822), -0.0588999284295, -0.148764237742, 0
(350, 350), (253.64926518, 174.738663991), -0.0770805878563, -0.140209068807, 0
(350, 350), (232.442949542, 188.196601125), -0.0940456403668, -0.1294427191, 0
(350, 350), (213.090578814, 204.206274516), -0.109527536949, -0.116634980387, 0
(350, 350), (195.897351445, 222.51520205), -0.123282118844, -0.10198783836, 0
(350, 350), (181.1344149, 242.834641004), -0.13509246808, -0.0857322871966, 0
(350, 350), (169.034589507, 264.844141687), -0.144772328395, -0.0681246866504, 0
(350, 350), (159.788696741, 288.196601125), -0.152169042607, -0.0494427191, 0
(350, 350), (153.542549854, 312.523737083), -0.157165960117, -0.0299810103337, 0
(350, 350), (150.394654314, 337.441896094), -0.159684276549, -0.0100464831247, 0
(350, 350), (150.394654314, 362.558103906), -0.159684276549, 0.0100464831247, 0
(350, 350), (153.542549854, 387.476262917), -0.157165960117, 0.0299810103337, 0
(350, 350), (159.788696741, 411.803398875), -0.152169042607, 0.0494427191, 0
(350, 350), (169.034589507, 435.155858313), -0.144772328395, 0.0681246866504, 0
(350, 350), (181.1344149, 457.165358996), -0.13509246808, 0.0857322871966, 0
(350, 350), (195.897351445, 477.48479795), -0.123282118844, 0.10198783836, 0
(350, 350), (213.090578814, 495.793725484), -0.109527536949, 0.116634980387, 0
(350, 350), (232.442949542, 511.803398875), -0.0940456403668, 0.1294427191, 0
(350, 350), (253.64926518, 525.261336009), -0.0770805878563, 0.140209068807, 0
(350, 350), (276.375089463, 535.955297178), -0.0588999284295, 0.148764237742, 0
(350, 350), (300.262022567, 543.716632226), -0.0397903819464, 0.154973305781, 0
(350, 350), (324.933353287, 548.422940263), -0.0200533173703, 0.15873835221, 0
(600, 100), (600.0, 120.0), 0.0, 0.1, 1
(600, 100), (606.180339887, 119.021130326), 0.0309016994375, 0.0951056516295, 1
(600, 100), (611.755705046, 116.180339887), 0.0587785252292, 0.0809016994375, 1
(600, 100), (616.180339887, 111.755705046), 0.0809016994375, 0.0587785252292, 1
(600, 100), (619.021130326, 106.180339887), 0.0951056516295, 0.0309016994375, 1
(600, 100), (620.0, 100.0), 0.1, 6.12323399574e-18, 1
(600, 100), (619.021130326, 93.8196601125), 0.0951056516295, -0.0309016994375, 1
(600, 100), (616.180339887, 88.2442949542), 0.0809016994375, -0.0587785252292, 1
(600, 100), (611.755705046, 83.8196601125), 0.0587785252292, -0.0809016994375, 1
(600, 100), (606.180339887, 80.9788696741), 0.0309016994375, -0.0951056516295, 1
(600, 100), (600.0, 80.0), 1.22464679915e-17, -0.1, 1
(600, 100), (593.819660113, 80.9788696741), -0.0309016994375, -0.0951056516295, 1
(600, 100), (588.244294954, 83.8196601125), -0.0587785252292, -0.0809016994375, 1
(600, 100), (583.819660113, 88.2442949542), -0.0809016994375, -0.0587785252292, 1
(600, 100), (580.978869674, 93.8196601125), -0.0951056516295, -0.0309016994375, 1
(600, 100), (580.0, 100.0), -0.1, -1.83697019872e-17, 1
(600, 100), (580.978869674, 106.180339887), -0.0951056516295, 0.0309016994375, 1
(600, 100), (583.819660113, 111.755705046), -0.0809016994375, 0.0587785252292, 1
(600, 100), (588.244294954, 116.180339887), -0.0587785252292, 0.0809016994375, 1
(600, 100), (593.819660113, 119.021130326), -0.0309016994375, 0.0951056516295, 1
(100, 600), (100.0, 630.0), 0.0, 0.1, 1
(100, 600), (109.270509831, 628.531695489), 0.0309016994375, 0.0951056516295, 1
(100, 600), (117.633557569, 624.270509831), 0.0587785252292, 0.0809016994375, 1
(100, 600), (124.270509831, 617.633557569), 0.0809016994375, 0.0587785252292, 1
(100, 600), (128.531695489, 609.270509831), 0.0951056516295, 0.0309016994375, 1
(100, 600), (130.0, 600.0), 0.1, 6.12323399574e-18, 1
(100, 600), (128.531695489, 590.729490169), 0.0951056516295, -0.0309016994375, 1
(100, 600), (124.270509831, 582.366442431), 0.0809016994375, -0.0587785252292, 1
(100, 600), (117.633557569, 575.729490169), 0.0587785252292, -0.0809016994375, 1
(100, 600), (109.270509831, 571.468304511), 0.0309016994375, -0.0951056516295, 1
(100, 600), (100.0, 570.0), 1.22464679915e-17, -0.1, 1
(100, 600), (90.7294901688, 571.468304511), -0.0309016994375, -0.0951056516295, 1
(100, 600), (82.3664424312, 575.729490169), -0.0587785252292, -0.0809016994375, 1
(100, 600), (75.7294901688, 582.366442431), -0.0809016994375, -0.0587785252292, 1
(100, 600), (71.4683045111, 590.729490169), -0.0951056516295, -0.0309016994375, 1
(100, 600), (70.0, 600.0), -0.1, -1.83697019872e-17, 1
(100, 600), (71.4683045111, 609.270509831), -0.0951056516295, 0.0309016994375, 1
(100, 600), (75.7294901688, 617.633557569), -0.0809016994375, 0.0587785252292, 1
(100, 600), (82.3664424312, 624.270509831), -0.0587785252292, 0.0809016994375, 1
(100, 600), (90.7294901688, 628.531695489), -0.0309016994375, 0.0951056516295, 1
(40, 500), (40.0, 530.0), 0.0, 0.05, 0
(40, 500), (49.2705098312, 528.531695489), 0.0154508497187, 0.0475528258148, 0
(40, 500), (57.6335575688, 524.270509831), 0.0293892626146, 0.0404508497187, 0
(40, 500), (64.2705098312, 517.633557569), 0.0404508497187, 0.0293892626146, 0
(40, 500), (68.5316954889, 509.270509831), 0.0475528258148, 0.0154508497187, 0
(40, 500), (70.0, 500.0), 0.05, 3.06161699787e-18, 0
(40, 500), (68.5316954889, 490.729490169), 0.0475528258148, -0.0154508497187, 0
(40, 500), (64.2705098312, 482.366442431), 0.0404508497187, -0.0293892626146, 0
(40, 500), (57.6335575688, 475.729490169), 0.0293892626146, -0.0404508497187, 0
(40, 500), (49.2705098312, 471.468304511), 0.0154508497187, -0.0475528258148, 0
(40, 500), (40.0, 470.0), 6.12323399574e-18, -0.05, 0
(40, 500), (30.7294901688, 471.468304511), -0.0154508497187, -0.0475528258148, 0
(40, 500), (22.3664424312, 475.729490169), -0.0293892626146, -0.0404508497187, 0
(40, 500), (15.7294901688, 482.366442431), -0.0404508497187, -0.0293892626146, 0
(40, 500), (11.4683045111, 490.729490169), -0.0475528258148, -0.0154508497187, 0
(40, 500), (10.0, 500.0), -0.05, -9.18485099361e-18, 0
(40, 500), (11.4683045111, 509.270509831), -0.0475528258148, 0.0154508497187, 0
(40, 500), (15.7294901688, 517.633557569), -0.0404508497187, 0.0293892626146, 0
(40, 500), (22.3664424312, 524.270509831), -0.0293892626146, 0.0404508497187, 0
(40, 500), (30.7294901688, 528.531695489), -0.0154508497187, 0.0475528258148, 0
(800, 600), (800.0, 660.0), 0.0, 0.14, 0
(800, 600), (809.386067902, 659.261300436), 0.0219008251056, 0.138276367683, 0
(800, 600), (818.541019662, 657.063390978), 0.0432623792125, 0.133147912281, 0
(800, 600), (827.239429984, 653.460391451), 0.0635586699635, 0.124740913386, 0
(800, 600), (835.267115138, 648.541019662), 0.0822899353209, 0.113262379212, 0
(800, 600), (842.426406871, 642.426406871), 0.0989949493661, 0.0989949493661, 0
(800, 600), (848.541019662, 635.267115138), 0.113262379212, 0.0822899353209, 0
(800, 600), (853.460391451, 627.239429984), 0.124740913386, 0.0635586699635, 0
(800, 600), (857.063390978, 618.541019662), 0.133147912281, 0.0432623792125, 0
(800, 600), (859.261300436, 609.386067902), 0.138276367683, 0.0219008251056, 0
(800, 600), (860.0, 600.0), 0.14, 8.57252759403e-18, 0
(800, 600), (859.261300436, 590.613932098), 0.138276367683, -0.0219008251056, 0
(800, 600), (857.063390978, 581.458980338), 0.133147912281, -0.0432623792125, 0
(800, 600), (853.460391451, 572.760570016), 0.124740913386, -0.0635586699635, 0
(800, 600), (848.541019662, 564.732884862), 0.113262379212, -0.0822899353209, 0
(800, 600), (842.426406871, 557.573593129), 0.0989949493661, -0.0989949493661, 0
(800, 600), (835.267115138, 551.458980338), 0.0822899353209, -0.113262379212, 0
(800, 600), (827.239429984, 546.539608549), 0.0635586699635, -0.124740913386, 0
(800, 600), (818.541019662, 542.936609022), 0.0432623792125, -0.133147912281, 0
(800, 600), (809.386067902, 540.738699564), 0.0219008251056, -0.138276367683, 0
(800, 600), (800.0, 540.0), 1.71450551881e-17, -0.14, 0
(800, 600), (790.613932098, 540.738699564), -0.0219008251056, -0.138276367683, 0
(800, 600), (781.458980338, 542.936609022), -0.0432623792125, -0.133147912281, 0
(800, 600), (772.760570016, 546.539608549), -0.0635586699635, -0.124740913386, 0
(800, 600), (764.732884862, 551.458980338), -0.0822899353209, -0.113262379212, 0
(800, 600), (757.573593129, 557.573593129), -0.0989949493661, -0.0989949493661, 0
(800, 600), (751.458980338, 564.732884862), -0.113262379212, -0.0822899353209, 0
(800, 600), (746.539608549, 572.760570016), -0.124740913386, -0.0635586699635, 0
(800, 600), (742.936609022, 581.458980338), -0.133147912281, -0.0432623792125, 0
(800, 600), (740.738699564, 590.613932098), -0.138276367683, -0.0219008251056, 0
(800, 600), (740.0, 600.0), -0.14, -2.57175827821e-17, 0
(800, 600), (740.738699564, 609.386067902), -0.138276367683, 0.0219008251056, 0
(800, 600), (742.936609022, 618.541019662), -0.133147912281, 0.0432623792125, 0
(800, 600), (746.539608549, 627.239429984), -0.124740913386, 0.0635586699635, 0
(800, 600), (751.458980338, 635.267115138), -0.113262379212, 0.0822899353209, 0
(800, 600), (757.573593129, 642.426406871), -0.0989949493661, 0.0989949493661, 0
(800, 600), (764.732884862, 648.541019662), -0.0822899353209, 0.113262379212, 0
(800, 600), (772.760570016, 653.460391451), -0.0635586699635, 0.124740913386, 0
(800, 600), (781.458980338, 657.063390978), -0.0432623792125, 0.133147912281, 0
(800, 600), (790.613932098, 659.261300436), -0.0219008251056, 0.138276367683, 0
(850, 150), (850.0, 250.0), 0.0, 0.3, 0
(850, 150), (880.901699437, 245.10565163), 0.0927050983125, 0.285316954889, 0
(850, 150), (908.778525229, 230.901699437), 0.176335575688, 0.242705098312, 0
(850, 150), (930.901699437, 208.778525229), 0.242705098312, 0.176335575688, 0
(850, 150), (945.10565163, 180.901699437), 0.285316954889, 0.0927050983125, 0
(850, 150), (950.0, 150.0), 0.3, 1.83697019872e-17, 0
(850, 150), (945.10565163, 119.098300563), 0.285316954889, -0.0927050983125, 0
(850, 150), (930.901699437, 91.2214747708), 0.242705098312, -0.176335575688, 0
(850, 150), (908.778525229, 69.0983005625), 0.176335575688, -0.242705098312, 0
(850, 150), (880.901699437, 54.8943483705), 0.0927050983125, -0.285316954889, 0
(850, 150), (850.0, 50.0), 3.67394039744e-17, -0.3, 0
(850, 150), (819.098300563, 54.8943483705), -0.0927050983125, -0.285316954889, 0
(850, 150), (791.221474771, 69.0983005625), -0.176335575688, -0.242705098312, 0
(850, 150), (769.098300563, 91.2214747708), -0.242705098312, -0.176335575688, 0
(850, 150), (754.89434837, 119.098300563), -0.285316954889, -0.0927050983125, 0
(850, 150), (750.0, 150.0), -0.3, -5.51091059616e-17, 0
(850, 150), (754.89434837, 180.901699437), -0.285316954889, 0.0927050983125, 0
(850, 150), (769.098300563, 208.778525229), -0.242705098312, 0.176335575688, 0
(850, 150), (791.221474771, 230.901699437), -0.176335575688, 0.242705098312, 0
(850, 150), (819.098300563, 245.10565163), -0.0927050983125, 0.285316954889, 0
(800, 460), (800.0, 490.0), 0.0, 2.0, 1
(800, 460), (809.270509831, 488.531695489), 0.61803398875, 1.90211303259, 1
(800, 460), (817.633557569, 484.270509831), 1.17557050458, 1.61803398875, 1
(800, 460), (824.270509831, 477.633557569), 1.61803398875, 1.17557050458, 1
(800, 460), (828.531695489, 469.270509831), 1.90211303259, 0.61803398875, 1
(800, 460), (830.0, 460.0), 2.0, 1.22464679915e-16, 1
(800, 460), (828.531695489, 450.729490169), 1.90211303259, -0.61803398875, 1
(800, 460), (824.270509831, 442.366442431), 1.61803398875, -1.17557050458, 1
(800, 460), (817.633557569, 435.729490169), 1.17557050458, -1.61803398875, 1
(800, 460), (809.270509831, 431.468304511), 0.61803398875, -1.90211303259, 1
(800, 460), (800.0, 430.0), 2.44929359829e-16, -2.0, 1
(800, 460), (790.729490169, 431.468304511), -0.61803398875, -1.90211303259, 1
(800, 460), (782.366442431, 435.729490169), -1.17557050458, -1.61803398875, 1
(800, 460), (775.729490169, 442.366442431), -1.61803398875, -1.17557050458, 1
(800, 460), (771.468304511, 450.729490169), -1.90211303259, -0.61803398875, 1
(800, 460), (770.0, 460.0), -2.0, -3.67394039744e-16, 1
(800, 460), (771.468304511, 469.270509831), -1.90211303259, 0.61803398875, 1
(800, 460), (775.729490169, 477.633557569), -1.61803398875, 1.17557050458, 1
(800, 460), (782.366442431, 484.270509831), -1.17557050458, 1.61803398875, 1
(800, 460), (790.729490169, 488.531695489), -0.61803398875, 1.90211303259, 1
