125
(100.000000, 100.000000), (200.000000, 101.000000), -0.200000, -0.200000, 0
(100.000000, 99.000000), (200.000000, 100.000000), -0.200000, -0.200000, 0
(100.000000, 98.000000), (200.000000, 99.000000), -0.200000, -0.200000, 0
(100.000000, 97.000000), (200.000000, 98.000000), -0.200000, -0.200000, 0
(100.000000, 96.000000), (200.000000, 97.000000), -0.200000, -0.200000, 0
(100.000000, 95.000000), (200.000000, 96.000000), -0.200000, -0.200000, 0
( 95.000000, 100.00000), (95.000000, 301.000000), -0.200000, -0.200000, 0
( 96.000000, 100.00000), (96.000000, 301.000000), -0.200000, -0.200000, 0
( 97.000000, 100.00000), (97.000000, 301.000000), -0.200000, -0.200000, 0
( 98.000000, 100.00000), (98.000000, 301.000000), -0.200000, -0.200000, 0
( 99.000000, 100.00000), (99.000000, 301.000000), -0.200000, -0.200000, 0
(100.000000, 201.00000), (200.00000, 202.000000), -0.200000, -0.200000, 0
(100.000000, 202.00000), (200.00000, 203.000000), -0.200000, -0.200000, 0
(100.000000, 203.00000), (200.00000, 204.000000), -0.200000, -0.200000, 0
(100.000000, 204.00000), (200.00000, 205.000000), -0.200000, -0.200000, 0
(100.000000, 205.00000), (200.00000, 206.000000), -0.200000, -0.200000, 0
(225.000000, 100.00000), (325.00000, 101.000000), -0.200000, -0.2000000, 0
(225.000000, 99.00000), (325.00000, 100.000000), -0.200000, -0.2000000, 0
(225.000000, 98.00000), (325.00000, 99.000000), -0.200000, -0.2000000, 0
(225.000000, 97.00000), (325.00000, 98.000000), -0.200000, -0.2000000, 0
(225.000000, 96.00000), (325.00000, 97.000000), -0.200000, -0.2000000, 0
(225.000000, 95.00000), (325.00000, 96.000000), -0.200000, -0.2000000, 0
(220.000000, 100.00000), (220.00000, 301.00000), -0.200000, -0.200000, 0
(219.000000, 100.00000), (219.00000, 301.00000), -0.200000, -0.200000, 0
(218.000000, 100.00000), (218.00000, 301.00000), -0.200000, -0.200000, 0
(217.000000, 100.00000), (217.00000, 301.00000), -0.200000, -0.200000, 0
(216.000000, 100.00000), (216.00000, 301.00000), -0.200000, -0.200000, 0
(215.000000, 100.00000), (215.00000, 301.00000), -0.200000, -0.200000, 0
(225.000000, 301.00000), (325.00000, 302.00000), -0.200000, -0.200000, 0
(225.000000, 300.00000), (325.00000, 301.00000), -0.200000, -0.200000, 0
(225.000000, 299.00000), (325.00000, 300.00000), -0.200000, -0.200000, 0
(225.000000, 298.00000), (325.00000, 299.00000), -0.200000, -0.200000, 0
(225.000000, 297.00000), (325.00000, 298.00000), -0.200000, -0.200000, 0
(326.000000, 101.00000), (326.00000, 301.00000), -0.200000, -0.200000, 0
(327.000000, 101.00000), (327.00000, 301.00000), -0.200000, -0.200000, 0
(328.000000, 101.00000), (328.00000, 301.00000), -0.200000, -0.200000, 0
(329.000000, 101.00000), (329.00000, 301.00000), -0.200000, -0.200000, 0
(330.000000, 101.00000), (330.00000, 301.00000), -0.200000, -0.200000, 0
(345.000000, 100.00000), (345.00000, 301.00000), -0.200000, -0.200000, 0
(346.000000, 100.00000), (346.00000, 301.00000), -0.200000, -0.200000, 0
(347.000000, 100.00000), (347.00000, 301.00000), -0.200000, -0.200000, 0
(348.000000, 100.00000), (348.00000, 301.00000), -0.200000, -0.200000, 0
(349.000000, 100.00000), (349.00000, 301.00000), -0.200000, -0.200000, 0
(354.000000, 101.00000), (454.00000, 101.00000), -0.200000, -0.200000, 0
(355.000000, 100.00000), (455.00000, 100.00000), -0.200000, -0.200000, 0
(356.000000,  99.00000), (456.00000,  99.00000), -0.200000, -0.200000, 0
(357.000000,  98.00000), (457.00000,  98.00000), -0.200000, -0.200000, 0
(460.000000, 100.00000), (460.00000, 200.00000), -0.200000, -0.200000, 0
(461.000000, 100.00000), (461.00000, 200.00000), -0.200000, -0.200000, 0
(462.000000, 100.00000), (462.00000, 200.00000), -0.200000, -0.200000, 0
(463.000000, 100.00000), (463.00000, 200.00000), -0.200000, -0.200000, 0
(464.000000, 100.00000), (464.00000, 200.00000), -0.200000, -0.200000, 0
(355.000000, 210.00000), (455.00000, 211.00000), -0.200000, -0.200000, 0
(355.000000, 209.00000), (456.00000, 210.00000), -0.200000, -0.200000, 0
(355.000000, 208.00000), (457.00000, 209.00000), -0.200000, -0.200000, 0
(355.000000, 207.00000), (458.00000, 208.00000), -0.200000, -0.200000, 0
(355.000000, 206.00000), (459.00000, 207.00000), -0.200000, -0.200000, 0
(355.000000, 215.00000), (461.00000, 301.00000), -0.200000, -0.200000, 0
(356.000000, 216.00000), (462.00000, 302.00000), -0.200000, -0.200000, 0
(357.000000, 217.00000), (463.00000, 303.00000), -0.200000, -0.200000, 0
(358.000000, 218.00000), (464.00000, 304.00000), -0.200000, -0.200000, 0
(359.000000, 219.00000), (465.00000, 305.00000), -0.200000, -0.200000, 0
(360.000000, 220.00000), (466.00000, 306.00000), -0.200000, -0.200000, 0
(361.000000, 221.00000), (467.00000, 307.00000), -0.200000, -0.200000, 0
(362.000000, 222.00000), (468.00000, 308.00000), -0.200000, -0.200000, 0
(363.000000, 223.00000), (469.00000, 309.00000), -0.200000, -0.200000, 0
(364.000000, 224.00000), (470.00000, 310.00000), -0.200000, -0.200000, 0
(365.000000, 225.00000), (471.00000, 311.00000), -0.200000, -0.200000, 0
(366.000000, 226.00000), (472.00000, 312.00000), -0.200000, -0.200000, 0
(200.000000, 400.000000), (200.000000, 700.000000), 0.200000, 0.200000, 0
(201.000000, 400.000000), (201.000000, 700.000000), 0.200000, 0.200000, 0
(202.000000, 400.000000), (202.000000, 700.000000), 0.200000, 0.200000, 0
(203.000000, 400.000000), (203.000000, 700.000000), 0.200000, 0.200000, 0
(204.000000, 400.000000), (204.000000, 700.000000), 0.200000, 0.200000, 0
(210.000000, 550.000000), (350.000000, 400.000000), 0.200000, 0.200000, 0
(211.000000, 549.000000), (351.000000, 399.000000), 0.200000, 0.200000, 0
(212.000000, 548.000000), (352.000000, 398.000000), 0.200000, 0.200000, 0
(213.000000, 547.000000), (353.000000, 397.000000), 0.200000, 0.200000, 0
(214.000000, 546.000000), (354.000000, 396.000000), 0.200000, 0.200000, 0
(215.000000, 545.000000), (355.000000, 395.000000), 0.200000, 0.200000, 0
(216.000000, 544.000000), (356.000000, 394.000000), 0.200000, 0.200000, 0
(217.000000, 543.000000), (357.000000, 393.000000), 0.200000, 0.200000, 0
(218.000000, 542.000000), (358.000000, 392.000000), 0.200000, 0.200000, 0
(219.000000, 541.000000), (359.000000, 391.000000), 0.200000, 0.200000, 0
(220.000000, 540.000000), (360.000000, 390.000000), 0.200000, 0.200000, 0
(221.000000, 539.000000), (361.000000, 389.000000), 0.200000, 0.200000, 0
(222.000000, 538.000000), (362.000000, 388.000000), 0.200000, 0.200000, 0
(223.000000, 537.000000), (363.000000, 387.000000), 0.200000, 0.200000, 0
(224.000000, 536.000000), (364.000000, 386.000000), 0.200000, 0.200000, 0
(225.000000, 535.000000), (365.000000, 385.000000), 0.200000, 0.200000, 0
(211.000000, 551.000000), (351.000000, 701.000000), 0.200000, 0.200000, 0
(212.000000, 552.000000), (352.000000, 702.000000), 0.200000, 0.200000, 0
(213.000000, 553.000000), (353.000000, 703.000000), 0.200000, 0.200000, 0
(214.000000, 554.000000), (354.000000, 704.000000), 0.200000, 0.200000, 0
(215.000000, 555.000000), (355.000000, 705.000000), 0.200000, 0.200000, 0
(216.000000, 556.000000), (356.000000, 706.000000), 0.200000, 0.200000, 0
(217.000000, 557.000000), (357.000000, 707.000000), 0.200000, 0.200000, 0
(218.000000, 558.000000), (358.000000, 708.000000), 0.200000, 0.200000, 0
(219.000000, 559.000000), (359.000000, 709.000000), 0.200000, 0.200000, 0
(220.000000, 560.000000), (360.000000, 710.000000), 0.200000, 0.200000, 0
(221.000000, 561.000000), (361.000000, 711.000000), 0.200000, 0.200000, 0
(222.000000, 562.000000), (362.000000, 712.000000), 0.200000, 0.200000, 0
(223.000000, 563.000000), (363.000000, 713.000000), 0.200000, 0.200000, 0
(224.000000, 564.000000), (364.000000, 714.000000), 0.200000, 0.200000, 0
(225.000000, 565.000000), (365.000000, 715.000000), 0.200000, 0.200000, 0
(380.000000, 405.000000), (380.000000, 705.000000), 0.200000, 0.200000, 0
(381.000000, 405.000000), (381.000000, 705.000000), 0.200000, 0.200000, 0
(382.000000, 405.000000), (382.000000, 705.000000), 0.200000, 0.200000, 0
(383.000000, 405.000000), (383.000000, 705.000000), 0.200000, 0.200000, 0
(384.000000, 405.000000), (384.000000, 705.000000), 0.200000, 0.200000, 0
(380.000000, 400.000000), (580.000000, 400.000000), 0.200000, 0.200000, 0
(380.000000, 401.000000), (580.000000, 401.000000), 0.200000, 0.200000, 0
(380.000000, 402.000000), (580.000000, 402.000000), 0.200000, 0.200000, 0
(380.000000, 403.000000), (580.000000, 403.000000), 0.200000, 0.200000, 0
(380.000000, 404.000000), (580.000000, 404.000000), 0.200000, 0.200000, 0
(385.000000, 550.000000), (560.000000, 550.000000), 0.200000, 0.200000, 0
(385.000000, 551.000000), (560.000000, 551.000000), 0.200000, 0.200000, 0
(385.000000, 552.000000), (560.000000, 552.000000), 0.200000, 0.200000, 0
(385.000000, 553.000000), (560.000000, 553.000000), 0.200000, 0.200000, 0
(385.000000, 554.000000), (560.000000, 554.000000), 0.200000, 0.200000, 0
(385.000000, 700.000000), (585.000000, 700.000000), 0.200000, 0.200000, 0
(385.000000, 701.000000), (585.000000, 701.000000), 0.200000, 0.200000, 0
(385.000000, 702.000000), (585.000000, 702.000000), 0.200000, 0.200000, 0
(385.000000, 703.000000), (585.000000, 703.000000), 0.200000, 0.200000, 0
(385.000000, 704.000000), (585.000000, 704.000000), 0.200000, 0.200000, 0
