50
(300.000000, 300.000000), (344.000000, 344.000000), 0, 0, 0
(302.000000, 300.000000), (344.000000, 342.000000), 0, 0, 0
(304.000000, 300.000000), (344.000000, 340.000000), 0, 0, 0
(306.000000, 300.000000), (344.000000, 338.000000), 0, 0, 0
(308.000000, 300.000000), (344.000000, 336.000000), 0, 0, 0
(310.000000, 300.000000), (344.000000, 334.000000), 0, 0, 0
(312.000000, 300.000000), (344.000000, 332.000000), 0, 0, 0
(314.000000, 300.000000), (344.000000, 330.000000), 0, 0, 0
(316.000000, 300.000000), (344.000000, 328.000000), 0, 0, 0
(318.000000, 300.000000), (344.000000, 326.000000), 0, 0, 0
(320.000000, 300.000000), (344.000000, 324.000000), 0, 0, 0
(322.000000, 300.000000), (344.000000, 322.000000), 0, 0, 0
(324.000000, 300.000000), (344.000000, 320.000000), 0, 0, 0
(326.000000, 300.000000), (344.000000, 318.000000), 0, 0, 0
(328.000000, 300.000000), (344.000000, 316.000000), 0, 0, 0
(330.000000, 300.000000), (344.000000, 314.000000), 0, 0, 0
(332.000000, 300.000000), (344.000000, 312.000000), 0, 0, 0
(334.000000, 300.000000), (344.000000, 310.000000), 0, 0, 0
(336.000000, 300.000000), (344.000000, 308.000000), 0, 0, 0
(338.000000, 300.000000), (344.000000, 306.000000), 0, 0, 0
(340.000000, 300.000000), (344.000000, 304.000000), 0, 0, 0
(342.000000, 300.000000), (344.000000, 302.000000), 0, 0, 0
(300.000000, 302.000000), (342.000000, 344.000000), 0, 0, 0
(300.000000, 304.000000), (340.000000, 344.000000), 0, 0, 0
(300.000000, 306.000000), (338.000000, 344.000000), 0, 0, 0
(300.000000, 308.000000), (336.000000, 344.000000), 0, 0, 0
(300.000000, 310.000000), (334.000000, 344.000000), 0, 0, 0
(300.000000, 312.000000), (332.000000, 344.000000), 0, 0, 0
(300.000000, 314.000000), (330.000000, 344.000000), 0, 0, 0
(300.000000, 316.000000), (328.000000, 344.000000), 0, 0, 0
(300.000000, 318.000000), (326.000000, 344.000000), 0, 0, 0
(300.000000, 320.000000), (324.000000, 344.000000), 0, 0, 0
(300.000000, 322.000000), (322.000000, 344.000000), 0, 0, 0
(300.000000, 324.000000), (320.000000, 344.000000), 0, 0, 0
(300.000000, 326.000000), (318.000000, 344.000000), 0, 0, 0
(300.000000, 328.000000), (316.000000, 344.000000), 0, 0, 0
(300.000000, 330.000000), (314.000000, 344.000000), 0, 0, 0
(300.000000, 332.000000), (312.000000, 344.000000), 0, 0, 0
(300.000000, 334.000000), (310.000000, 344.000000), 0, 0, 0
(300.000000, 336.000000), (308.000000, 344.000000), 0, 0, 0
(300.000000, 338.000000), (306.000000, 344.000000), 0, 0, 0
(300.000000, 340.000000), (304.000000, 344.000000), 0, 0, 0
(300.000000, 342.000000), (302.000000, 344.000000), 0, 0, 0
(300.000000, 346.000000), (300.000000, 390.000000), 0, 0, 0
(302.000000, 346.000000), (302.000000, 390.000000), 0, 0, 0
(304.000000, 346.000000), (304.000000, 390.000000), 0, 0, 0
(306.000000, 346.000000), (306.000000, 390.000000), 0, 0, 0
(308.000000, 346.000000), (308.000000, 390.000000), 0, 0, 0 
(310.000000, 346.000000), (310.000000, 390.000000), 0, 0, 0
(312.000000, 346.000000), (312.000000, 390.000000), 0, 0, 0
