137
(600.000000, 100.000000), (600.000000, 650.000000), 0, 0, 0
(600.000000, 650.000000), (200.000000, 500.000000), 0, 0, 0
(600.000000, 650.000000), (1000.000000, 500.000000), 0, 0, 0
(600.000000, 100.000000), (200.000000, 500.000000), 0, 0, 0
(600.000000, 100.000000), (1000.000000, 500.000000), 0, 0, 0
(600.000000, 238.000000), (700.000000, 200.000000), 0, 0, 0
(600.000000, 376.000000), (800.000000, 301.000000), 0, 0, 0
(600.000000, 514.000000), (900.000000, 401.000000), 0, 0, 0
(600.000000, 238.000000), (500.000000, 200.000000), 0, 0, 0
(600.000000, 376.000000), (400.000000, 301.000000), 0, 0, 0
(600.000000, 514.000000), (300.000000, 401.000000), 0, 0, 0
(507.666666667, 201.5), (599, 110.166666667), 0.0839261035733, 0.0724727106362, 1
(514.333333333, 204.0), (599, 119.333333333), 0.329970753226, 0.186731540929, 1
(521.0, 206.5), (599, 128.5), 0.143308718352, 0.0158066608438, 1
(527.666666667, 209.0), (599, 137.666666667), 0.420154292475, 0.0252784709339, 1
(534.333333333, 211.5), (599, 146.833333333), 0.0724379325641, 0.266195499549, 1
(541.0, 214.0), (599, 156.0), 0.359791314609, 0.18605432875, 1
(547.666666667, 216.5), (599, 165.166666667), 0.154229679163, 0.0339719559296, 1
(554.333333333, 219.0), (599, 174.333333333), 0.0425907770114, 0.014824724722, 1
(561.0, 221.5), (599, 183.5), 0.033758929956, 0.124243003454, 1
(567.666666667, 224.0), (599, 192.666666667), 0.0258240376318, 0.216047583612, 1
(574.333333333, 226.5), (599, 201.833333333), 0.329970753226, 0.186731540929, 1
(581.0, 229.0), (599, 211.0), 0.265537709905, 0.0428389737862, 1
(587.666666667, 231.5), (599, 220.166666667), 0.453602325776, 0.0592389988891, 1
(594.333333333, 234.0), (599, 229.333333333), 0.169876710253, 0.389402168841, 1
(692.333333333, 201.5), (601, 110.166666667), 0.420154292475, 0.0252784709339, 1
(685.666666667, 204.0), (601, 119.333333333), 0.113389887471, 0.236091623902, 1
(679.0, 206.5), (601, 128.5), 0.218220234829, 0.111307300677, 1
(672.333333333, 209.0), (601, 137.666666667), 0.17868771994, 0.149260325632, 1
(665.666666667, 211.5), (601, 146.833333333), 0.313263980111, 0.0792576433273, 1
(659.0, 214.0), (601, 156.0), 0.14543640922, 0.176916508904, 1
(652.333333333, 216.5), (601, 165.166666667), 0.448531820816, 0.0440864927503, 1
(645.666666667, 219.0), (601, 174.333333333), 0.08316449497, 0.00394600633947, 1
(639.0, 221.5), (601, 183.5), 0.262321934262, 0.315514276334, 1
(632.333333333, 224.0), (601, 192.666666667), 0.0815227947804, 0.200000388248, 1
(625.666666667, 226.5), (601, 201.833333333), 0.132134114957, 0.244512801993, 1
(619.0, 229.0), (601, 211.0), 0.213278397158, 0.0283974090869, 1
(612.333333333, 231.5), (601, 220.166666667), 0.152132757209, 0.376915327158, 1
(605.666666667, 234.0), (601, 229.333333333), 0.134176770939, 0.0826269935581, 1
(606, 510.75), (606, 374.75), 0.326167561319, 0.181695764303, 1
(594, 510.75), (594, 374.75), 0.28243625409, 0.191493761615, 1
(612, 508.5), (612, 372.5), 0.47075075268, 0.0324835209933, 1
(588, 508.5), (588, 372.5), 0.142317829751, 0.405804841061, 1
(618, 506.25), (618, 370.25), 0.0110770138842, 0.0341847157087, 1
(582, 506.25), (582, 370.25), 0.011888701462, 0.228822911589, 1
(624, 504.0), (624, 368.0), 0.473817331004, 0.00870602748764, 1
(576, 504.0), (576, 368.0), 0.156203803772, 0.496972804888, 1
(630, 501.75), (630, 365.75), 0.201420033981, 0.0641757551522, 1
(570, 501.75), (570, 365.75), 0.169713929533, 0.0909889753515, 1
(636, 499.5), (636, 363.5), 0.0952966742584, 0.174007687047, 1
(564, 499.5), (564, 363.5), 0.300448662597, 0.445828955121, 1
(642, 497.25), (642, 361.25), 0.182575550456, 0.166323532781, 1
(558, 497.25), (558, 361.25), 0.271175829181, 0.362170353194, 1
(648, 495.0), (648, 359.0), 0.400150864407, 0.0285398162524, 1
(552, 495.0), (552, 359.0), 0.074662744804, 0.233325511758, 1
(654, 492.75), (654, 356.75), 0.217236449797, 0.119445072541, 1
(546, 492.75), (546, 356.75), 0.190773521582, 0.121111446763, 1
(660, 490.5), (660, 354.5), 0.224246838673, 0.130422769413, 1
(540, 490.5), (540, 354.5), 0.196002465823, 0.0714206052713, 1
(666, 488.25), (666, 352.25), 0.0819997737901, 0.162844638954, 1
(534, 488.25), (534, 352.25), 0.0101360869427, 0.221741044181, 1
(672, 486.0), (672, 350.0), 0.315278348295, 0.17371415373, 1
(528, 486.0), (528, 350.0), 0.118957691327, 0.139064840718, 1
(678, 483.75), (678, 347.75), 0.216339224002, 0.189880577288, 1
(522, 483.75), (522, 347.75), 0.292170832452, 0.213287441519, 1
(684, 481.5), (684, 345.5), 0.0387465362521, 0.0116763031805, 1
(516, 481.5), (516, 345.5), 0.190623245539, 0.183022967584, 1
(690, 479.25), (690, 343.25), 0.457533383741, 0.0175782764268, 1
(510, 479.25), (510, 343.25), 0.166770877297, 0.0617852824409, 1
(696, 477.0), (696, 341.0), 0.197560060249, 0.179653817975, 1
(504, 477.0), (504, 341.0), 0.056417327569, 0.227955205049, 1
(702, 474.75), (702, 338.75), 0.488223116081, 0.0805339719654, 1
(498, 474.75), (498, 338.75), 0.00489071206408, 0.485978103165, 1
(708, 472.5), (708, 336.5), 0.00863352102188, 0.198151365958, 1
(492, 472.5), (492, 336.5), 0.217489063023, 0.0846423360985, 1
(714, 470.25), (714, 334.25), 0.485241542357, 0.0103937234166, 1
(486, 470.25), (486, 334.25), 0.122319930908, 0.0364896859516, 1
(720, 468.0), (720, 332.0), 0.177858703284, 0.0790926379093, 1
(480, 468.0), (480, 332.0), 0.153622987024, 0.407915764438, 1
(726, 465.75), (726, 329.75), 0.213278397158, 0.0283974090869, 1
(474, 465.75), (474, 329.75), 0.152132757209, 0.376915327158, 1
(732, 463.5), (732, 327.5), 0.08316449497, 0.00394600633947, 1
(468, 463.5), (468, 327.5), 0.113389887471, 0.236091623902, 1
(738, 461.25), (738, 325.25), 0.453602325776, 0.0592389988891, 1
(462, 461.25), (462, 325.25), 0.134176770939, 0.0826269935581, 1
(744, 459.0), (744, 323.0), 0.313263980111, 0.0792576433273, 1
(456, 459.0), (456, 323.0), 0.0815227947804, 0.200000388248, 1
(750, 456.75), (750, 320.75), 0.329970753226, 0.186731540929, 1
(450, 456.75), (450, 320.75), 0.154229679163, 0.0339719559296, 1
(756, 454.5), (756, 318.5), 0.420154292475, 0.0252784709339, 1
(444, 454.5), (444, 318.5), 0.218220234829, 0.111307300677, 1
(762, 452.25), (762, 316.25), 0.448531820816, 0.0440864927503, 1
(438, 452.25), (438, 316.25), 0.262321934262, 0.315514276334, 1
(768, 450.0), (768, 314.0), 0.436321656355, 0.150186712367, 1
(432, 450.0), (432, 314.0), 0.132134114957, 0.244512801993, 1
(774, 447.75), (774, 311.75), 0.143308718352, 0.0158066608438, 1
(426, 447.75), (426, 311.75), 0.0724379325641, 0.266195499549, 1
(780, 445.5), (780, 309.5), 0.0648746393145, 0.184010149237, 1
(420, 445.5), (420, 309.5), 0.0839261035733, 0.0724727106362, 1
(786, 443.25), (786, 307.25), 0.341705807809, 0.128217390556, 1
(414, 443.25), (414, 307.25), 0.17868771994, 0.149260325632, 1
(792, 441.0), (792, 305.0), 0.359791314609, 0.18605432875, 1
(408, 441.0), (408, 305.0), 0.0258240376318, 0.216047583612, 1
(798, 438.75), (798, 302.75), 0.14543640922, 0.176916508904, 1
(402, 438.75), (402, 302.75), 0.169876710253, 0.389402168841, 1
(804, 574.25), (804, 438.25), 0.0425907770114, 0.014824724722, 1
(396, 574.25), (396, 438.25), 0.265537709905, 0.0428389737862, 1
(810, 572.0), (810, 436.0), 0.033758929956, 0.124243003454, 1
(390, 572.0), (390, 436.0), 0.050142254266, 0.193249739018, 1
(816, 569.75), (816, 433.75), 0.0377816134692, 0.126931781353, 1
(384, 569.75), (384, 433.75), 0.180072787268, 0.124838325027, 1
(822, 567.5), (822, 431.5), 0.0516851532994, 0.097431410201, 1
(378, 567.5), (378, 431.5), 0.480435457831, 0.0540310002368, 1
(828, 565.25), (828, 429.25), 0.0477440570157, 0.0318728495823, 1
(372, 565.25), (372, 429.25), 0.176405388978, 0.199181557875, 1
(834, 563.0), (834, 427.0), 0.087201541213, 0.087004886971, 1
(366, 563.0), (366, 427.0), 0.190521506742, 0.0429470645788, 1
(840, 560.75), (840, 424.75), 0.0404566074282, 0.0322741044131, 1
(360, 560.75), (360, 424.75), 0.445320642184, 0.198177670724, 1
(846, 558.5), (846, 422.5), 0.0861519328883, 0.141869038372, 1
(354, 558.5), (354, 422.5), 0.259761363335, 0.019014358105, 1
(852, 556.25), (852, 420.25), 0.107484400052, 0.00592678652457, 1
(348, 556.25), (348, 420.25), 0.481983566417, 0.198321325057, 1
(858, 554.0), (858, 418.0), 0.100667884133, 0.0263654400052, 1
(342, 554.0), (342, 418.0), 0.232880715577, 0.158382195998, 1
(864, 551.75), (864, 415.75), 0.00911623633665, 0.037651355136, 1
(336, 551.75), (336, 415.75), 0.378582200906, 0.194248664916, 1
(870, 549.5), (870, 413.5), 0.114798457739, 0.042989095137, 1
(330, 549.5), (330, 413.5), 0.253377317775, 0.140390477089, 1
(876, 547.25), (876, 411.25), 0.0464654701083, 0.0683866831271, 1
(324, 547.25), (324, 411.25), 0.133130688337, 0.0994844747326, 1
(882, 545.0), (882, 409.0), 0.0436118429267, 0.121130215986, 1
(318, 545.0), (318, 409.0), 0.387172905464, 0.177630231176, 1
(888, 542.75), (888, 406.75), 0.104773896038, 0.0640666815985, 1
(312, 542.75), (312, 406.75), 0.322789441189, 0.221026915897, 1
(894, 540.5), (894, 404.5), 0.0871448027439, 0.115860791419, 1
(306, 540.5), (306, 404.5), 0.076909929015, 0.140656665901, 1
