280
(680.000000, 412.000000), (676.000000, 427.000000), -0.013338, -0.006258, 0
(676.000000, 427.000000), (717.000000, 468.000000), 0.059120, -0.084230, 0
(717.000000, 468.000000), (813.000000, 519.000000), -0.003391, -0.027117, 0
(813.000000, 519.000000), (866.000000, 566.000000), 0.094885, -0.014405, 0
(866.000000, 566.000000), (878.000000, 606.000000), 0.085651, -0.025524, 0
(878.000000, 606.000000), (791.000000, 549.000000), 0.096298, 0.038467, 0
(791.000000, 549.000000), (698.000000, 499.000000), -0.037679, 0.039947, 0
(698.000000, 499.000000), (649.000000, 488.000000), 0.082762, 0.045717, 0
(649.000000, 488.000000), (611.000000, 465.000000), -0.069191, 0.053475, 0
(611.000000, 465.000000), (608.000000, 484.000000), 0.085491, -0.045627, 0
(608.000000, 484.000000), (673.000000, 511.000000), 0.096323, 0.036870, 0
(673.000000, 511.000000), (735.000000, 535.000000), -0.008093, 0.081364, 0
(735.000000, 535.000000), (767.000000, 560.000000), -0.016982, -0.056637, 0
(767.000000, 560.000000), (655.000000, 556.000000), -0.088084, 0.029497, 0
(655.000000, 556.000000), (621.000000, 556.000000), 0.000737, 0.015169, 0
(621.000000, 556.000000), (596.000000, 557.000000), 0.079786, 0.036001, 0
(596.000000, 557.000000), (735.000000, 579.000000), 0.058585, 0.054349, 0
(735.000000, 579.000000), (788.000000, 581.000000), 0.095756, -0.031199, 0
(788.000000, 581.000000), (832.000000, 600.000000), 0.040552, -0.083977, 0
(832.000000, 600.000000), (857.000000, 623.000000), -0.001472, 0.047706, 0
(857.000000, 623.000000), (860.000000, 668.000000), 0.085581, 0.046051, 0
(860.000000, 668.000000), (878.000000, 744.000000), 0.068893, 0.023918, 0
(878.000000, 744.000000), (822.000000, 781.000000), -0.081374, 0.045664, 0
(822.000000, 781.000000), (791.000000, 797.000000), 0.028582, 0.059884, 0
(791.000000, 797.000000), (878.000000, 781.000000), -0.045102, -0.081340, 0
(878.000000, 781.000000), (866.000000, 795.000000), -0.096349, 0.028785, 0
(866.000000, 795.000000), (906.000000, 778.000000), -0.058201, 0.037856, 0
(906.000000, 778.000000), (906.000000, 797.000000), 0.058895, 0.023485, 0
(906.000000, 797.000000), (940.000000, 781.000000), 0.006762, -0.083071, 0
(940.000000, 781.000000), (962.000000, 792.000000), -0.059806, 0.043994, 0
(962.000000, 792.000000), (978.000000, 778.000000), -0.020974, 0.080612, 0
(978.000000, 778.000000), (1037.000000, 794.000000), 0.014451, 0.098710, 0
(1037.000000, 794.000000), (931.000000, 722.000000), 0.075943, -0.047459, 0
(931.000000, 722.000000), (937.000000, 644.000000), 0.026902, -0.077700, 0
(937.000000, 644.000000), (925.000000, 606.000000), -0.005512, 0.049525, 0
(925.000000, 606.000000), (987.000000, 564.000000), 0.006478, 0.038746, 0
(987.000000, 564.000000), (1071.000000, 539.000000), -0.058421, -0.022227, 0
(1071.000000, 539.000000), (1155.000000, 525.000000), -0.096151, 0.054226, 0
(1155.000000, 525.000000), (1052.000000, 525.000000), -0.084279, -0.045759, 0
(1052.000000, 525.000000), (978.000000, 549.000000), 0.008908, 0.035672, 0
(978.000000, 549.000000), (947.000000, 567.000000), -0.033790, 0.026524, 0
(947.000000, 567.000000), (981.000000, 515.000000), -0.088975, -0.068513, 0
(981.000000, 515.000000), (1024.000000, 495.000000), 0.084830, -0.041722, 0
(1024.000000, 495.000000), (1077.000000, 492.000000), -0.080508, -0.083959, 0
(1077.000000, 492.000000), (1139.000000, 491.000000), -0.013439, 0.047086, 0
(1139.000000, 491.000000), (1158.000000, 482.000000), 0.037628, -0.006755, 0
(1158.000000, 482.000000), (1108.000000, 480.000000), 0.043448, 0.058067, 0
(1108.000000, 480.000000), (1077.000000, 482.000000), -0.071912, 0.021218, 0
(1077.000000, 482.000000), (1071.000000, 485.000000), -0.000879, -0.080375, 0
(1071.000000, 485.000000), (1018.000000, 482.000000), -0.026592, -0.073093, 0
(1018.000000, 482.000000), (1145.000000, 436.000000), -0.058625, -0.064018, 0
(1145.000000, 436.000000), (981.000000, 480.000000), 0.097555, 0.063842, 0
(981.000000, 480.000000), (959.000000, 506.000000), -0.019464, -0.065743, 0
(959.000000, 506.000000), (912.000000, 579.000000), 0.057867, -0.005098, 0
(912.000000, 579.000000), (838.000000, 513.000000), 0.033993, -0.098510, 0
(838.000000, 513.000000), (816.000000, 495.000000), 0.060943, -0.028206, 0
(816.000000, 495.000000), (894.000000, 468.000000), -0.039219, -0.086908, 0
(894.000000, 468.000000), (931.000000, 437.000000), 0.054418, 0.014831, 0
(931.000000, 437.000000), (956.000000, 421.000000), -0.001250, -0.059619, 0
(956.000000, 421.000000), (903.000000, 436.000000), 0.005197, 0.099068, 0
(903.000000, 436.000000), (891.000000, 455.000000), 0.027208, 0.067927, 0
(891.000000, 455.000000), (857.000000, 474.000000), -0.026233, -0.054402, 0
(857.000000, 474.000000), (816.000000, 488.000000), 0.006873, -0.062707, 0
(816.000000, 488.000000), (782.000000, 478.000000), -0.091221, 0.039727, 0
(782.000000, 478.000000), (735.000000, 458.000000), -0.006244, 0.088575, 0
(735.000000, 458.000000), (717.000000, 450.000000), -0.087718, -0.018852, 0
(717.000000, 450.000000), (667.000000, 406.000000), 0.087779, 0.004807, 0
(667.000000, 406.000000), (664.000000, 406.000000), -0.043872, 0.028969, 0
(664.000000, 406.000000), (667.000000, 403.000000), -0.040694, -0.082759, 0
(667.000000, 403.000000), (680.000000, 412.000000), -0.030632, 0.032406, 0
(90.000000, 12.000000), (86.000000, 27.000000), -0.070758, -0.048442, 0
(86.000000, 27.000000), (127.000000, 68.000000), -0.075749, 0.011806, 0
(127.000000, 68.000000), (223.000000, 119.000000), -0.023911, 0.090135, 0
(223.000000, 119.000000), (276.000000, 166.000000), -0.006129, 0.033845, 0
(276.000000, 166.000000), (288.000000, 206.000000), 0.040961, -0.011342, 0
(288.000000, 206.000000), (201.000000, 149.000000), 0.072018, 0.012028, 0
(201.000000, 149.000000), (108.000000, 99.000000), -0.043811, -0.024726, 0
(108.000000, 99.000000), (59.000000, 88.000000), 0.016295, -0.088097, 0
(59.000000, 88.000000), (21.000000, 65.000000), 0.080756, 0.000874, 0
(21.000000, 65.000000), (18.000000, 84.000000), -0.036717, 0.067534, 0
(18.000000, 84.000000), (83.000000, 111.000000), 0.085248, 0.067444, 0
(83.000000, 111.000000), (145.000000, 135.000000), 0.043538, -0.040345, 0
(145.000000, 135.000000), (177.000000, 160.000000), 0.076316, 0.084162, 0
(177.000000, 160.000000), (65.000000, 156.000000), 0.082162, -0.062137, 0
(65.000000, 156.000000), (31.000000, 156.000000), -0.019806, 0.011937, 0
(31.000000, 156.000000), (6.000000, 157.000000), 0.020389, 0.071845, 0
(6.000000, 157.000000), (145.000000, 179.000000), -0.057793, 0.025264, 0
(145.000000, 179.000000), (198.000000, 181.000000), -0.089430, -0.015347, 0
(198.000000, 181.000000), (242.000000, 200.000000), 0.080388, 0.096548, 0
(242.000000, 200.000000), (267.000000, 223.000000), 0.075860, 0.006400, 0
(267.000000, 223.000000), (270.000000, 268.000000), -0.034253, -0.027014, 0
(270.000000, 268.000000), (288.000000, 344.000000), -0.045795, -0.013112, 0
(288.000000, 344.000000), (232.000000, 381.000000), -0.067308, 0.064158, 0
(232.000000, 381.000000), (201.000000, 397.000000), 0.034849, 0.066000, 0
(201.000000, 397.000000), (288.000000, 381.000000), 0.056990, -0.035472, 0
(288.000000, 381.000000), (276.000000, 395.000000), 0.096892, 0.012190, 0
(276.000000, 395.000000), (316.000000, 378.000000), -0.005901, 0.088981, 0
(316.000000, 378.000000), (316.000000, 397.000000), 0.099461, -0.023087, 0
(316.000000, 397.000000), (350.000000, 381.000000), -0.010867, -0.083190, 0
(350.000000, 381.000000), (372.000000, 392.000000), -0.040946, -0.023152, 0
(372.000000, 392.000000), (388.000000, 378.000000), 0.092220, 0.009985, 0
(388.000000, 378.000000), (447.000000, 394.000000), 0.037925, -0.025586, 0
(447.000000, 394.000000), (341.000000, 322.000000), -0.060218, 0.002673, 0
(341.000000, 322.000000), (347.000000, 244.000000), -0.016957, -0.036575, 0
(347.000000, 244.000000), (335.000000, 206.000000), 0.031842, -0.042400, 0
(335.000000, 206.000000), (397.000000, 164.000000), 0.025607, 0.052122, 0
(397.000000, 164.000000), (481.000000, 139.000000), 0.090189, -0.015115, 0
(481.000000, 139.000000), (565.000000, 125.000000), 0.028863, 0.063767, 0
(565.000000, 125.000000), (462.000000, 125.000000), -0.011355, -0.080347, 0
(462.000000, 125.000000), (388.000000, 149.000000), 0.096624, 0.088378, 0
(388.000000, 149.000000), (357.000000, 167.000000), -0.096992, -0.010405, 0
(357.000000, 167.000000), (391.000000, 115.000000), 0.034552, -0.003695, 0
(391.000000, 115.000000), (434.000000, 95.000000), -0.084379, -0.031881, 0
(434.000000, 95.000000), (487.000000, 92.000000), -0.022615, 0.076650, 0
(487.000000, 92.000000), (549.000000, 91.000000), -0.010313, 0.054882, 0
(549.000000, 91.000000), (568.000000, 82.000000), 0.001058, -0.013324, 0
(568.000000, 82.000000), (518.000000, 80.000000), 0.047741, -0.028171, 0
(518.000000, 80.000000), (487.000000, 82.000000), -0.022682, 0.003360, 0
(487.000000, 82.000000), (481.000000, 85.000000), -0.079499, 0.050784, 0
(481.000000, 85.000000), (428.000000, 82.000000), 0.049077, -0.028017, 0
(428.000000, 82.000000), (555.000000, 36.000000), 0.012340, 0.057036, 0
(555.000000, 36.000000), (391.000000, 80.000000), 0.024881, -0.081479, 0
(391.000000, 80.000000), (369.000000, 106.000000), 0.004653, 0.081645, 0
(369.000000, 106.000000), (322.000000, 179.000000), -0.011323, 0.043306, 0
(322.000000, 179.000000), (248.000000, 113.000000), 0.006049, 0.094125, 0
(248.000000, 113.000000), (226.000000, 95.000000), 0.062164, 0.038985, 0
(226.000000, 95.000000), (304.000000, 68.000000), 0.082822, -0.034291, 0
(304.000000, 68.000000), (341.000000, 37.000000), 0.027259, 0.011412, 0
(341.000000, 37.000000), (366.000000, 21.000000), -0.061138, 0.079568, 0
(366.000000, 21.000000), (313.000000, 36.000000), 0.039638, 0.092079, 0
(313.000000, 36.000000), (301.000000, 55.000000), 0.086681, 0.070225, 0
(301.000000, 55.000000), (267.000000, 74.000000), 0.005815, 0.042670, 0
(267.000000, 74.000000), (226.000000, 88.000000), 0.023738, 0.032930, 0
(226.000000, 88.000000), (192.000000, 78.000000), 0.069380, -0.076077, 0
(192.000000, 78.000000), (145.000000, 58.000000), -0.052843, -0.084055, 0
(145.000000, 58.000000), (127.000000, 50.000000), -0.012530, 0.083861, 0
(127.000000, 50.000000), (77.000000, 6.000000), 0.014905, 0.057904, 0
(77.000000, 6.000000), (74.000000, 6.000000), 0.099338, 0.062139, 0
(74.000000, 6.000000), (77.000000, 3.000000), 0.088079, 0.010041, 0
(77.000000, 3.000000), (90.000000, 12.000000), -0.065921, 0.092976, 0
(680.000000, 12.000000), (676.000000, 27.000000), -0.065945, 0.073456, 1
(676.000000, 27.000000), (717.000000, 68.000000), 0.033963, -0.048953, 1
(717.000000, 68.000000), (813.000000, 119.000000), -0.085390, -0.095935, 1
(813.000000, 119.000000), (866.000000, 166.000000), 0.013041, -0.008768, 1
(866.000000, 166.000000), (878.000000, 206.000000), 0.000721, -0.053938, 1
(878.000000, 206.000000), (791.000000, 149.000000), -0.023058, 0.087257, 1
(791.000000, 149.000000), (698.000000, 99.000000), -0.034256, -0.067047, 1
(698.000000, 99.000000), (649.000000, 88.000000), 0.084272, 0.040378, 1
(649.000000, 88.000000), (611.000000, 65.000000), -0.094860, -0.080348, 1
(611.000000, 65.000000), (608.000000, 84.000000), 0.068787, -0.047513, 1
(608.000000, 84.000000), (673.000000, 111.000000), 0.072680, -0.041194, 1
(673.000000, 111.000000), (735.000000, 135.000000), 0.004835, 0.002036, 1
(735.000000, 135.000000), (767.000000, 160.000000), -0.079115, -0.085079, 1
(767.000000, 160.000000), (655.000000, 156.000000), -0.041159, 0.011196, 1
(655.000000, 156.000000), (621.000000, 156.000000), -0.007766, -0.037058, 1
(621.000000, 156.000000), (596.000000, 157.000000), 0.013471, 0.073150, 1
(596.000000, 157.000000), (735.000000, 179.000000), -0.023573, -0.013031, 1
(735.000000, 179.000000), (788.000000, 181.000000), -0.078128, 0.040269, 1
(788.000000, 181.000000), (832.000000, 200.000000), -0.007774, -0.081283, 1
(832.000000, 200.000000), (857.000000, 223.000000), -0.068698, 0.097803, 1
(857.000000, 223.000000), (860.000000, 268.000000), -0.087836, -0.078157, 1
(860.000000, 268.000000), (878.000000, 344.000000), 0.001266, 0.000826, 1
(878.000000, 344.000000), (822.000000, 381.000000), -0.063137, 0.018437, 1
(822.000000, 381.000000), (791.000000, 397.000000), -0.032425, -0.072451, 1
(791.000000, 397.000000), (878.000000, 381.000000), -0.074806, -0.042355, 1
(878.000000, 381.000000), (866.000000, 395.000000), -0.039312, 0.040188, 1
(866.000000, 395.000000), (906.000000, 378.000000), 0.045822, -0.061215, 1
(906.000000, 378.000000), (906.000000, 397.000000), -0.043571, 0.093011, 1
(906.000000, 397.000000), (940.000000, 381.000000), -0.067062, -0.033407, 1
(940.000000, 381.000000), (962.000000, 392.000000), 0.089055, 0.099343, 1
(962.000000, 392.000000), (978.000000, 378.000000), 0.022648, 0.090331, 1
(978.000000, 378.000000), (1037.000000, 394.000000), 0.006378, 0.094800, 1
(1037.000000, 394.000000), (931.000000, 322.000000), 0.098028, -0.032800, 1
(931.000000, 322.000000), (937.000000, 244.000000), 0.033002, -0.001841, 1
(937.000000, 244.000000), (925.000000, 206.000000), 0.036265, -0.025972, 1
(925.000000, 206.000000), (987.000000, 164.000000), -0.041789, 0.010017, 1
(987.000000, 164.000000), (1071.000000, 139.000000), -0.048018, -0.084175, 1
(1071.000000, 139.000000), (1155.000000, 125.000000), 0.054088, -0.006318, 1
(1155.000000, 125.000000), (1052.000000, 125.000000), 0.047747, -0.070091, 1
(1052.000000, 125.000000), (978.000000, 149.000000), 0.042569, -0.070882, 1
(978.000000, 149.000000), (947.000000, 167.000000), 0.008718, -0.039114, 1
(947.000000, 167.000000), (981.000000, 115.000000), -0.030670, 0.098521, 1
(981.000000, 115.000000), (1024.000000, 95.000000), 0.001356, 0.096553, 1
(1024.000000, 95.000000), (1077.000000, 92.000000), 0.095346, 0.011888, 1
(1077.000000, 92.000000), (1139.000000, 91.000000), 0.007421, 0.071596, 1
(1139.000000, 91.000000), (1158.000000, 82.000000), 0.037421, 0.057070, 1
(1158.000000, 82.000000), (1108.000000, 80.000000), -0.022420, -0.079417, 1
(1108.000000, 80.000000), (1077.000000, 82.000000), 0.050566, 0.078387, 1
(1077.000000, 82.000000), (1071.000000, 85.000000), -0.073708, -0.026146, 1
(1071.000000, 85.000000), (1018.000000, 82.000000), 0.018550, -0.060064, 1
(1018.000000, 82.000000), (1145.000000, 36.000000), -0.003448, 0.010404, 1
(1145.000000, 36.000000), (981.000000, 80.000000), 0.050063, -0.066328, 1
(981.000000, 80.000000), (959.000000, 106.000000), -0.035129, 0.087391, 1
(959.000000, 106.000000), (912.000000, 179.000000), 0.078985, 0.001286, 1
(912.000000, 179.000000), (838.000000, 113.000000), 0.053776, 0.007068, 1
(838.000000, 113.000000), (816.000000, 95.000000), -0.081147, 0.061089, 1
(816.000000, 95.000000), (894.000000, 68.000000), 0.050785, -0.016898, 1
(894.000000, 68.000000), (931.000000, 37.000000), -0.028894, -0.046211, 1
(931.000000, 37.000000), (956.000000, 21.000000), -0.012355, -0.029015, 1
(956.000000, 21.000000), (903.000000, 36.000000), -0.010766, 0.060143, 1
(903.000000, 36.000000), (891.000000, 55.000000), -0.035830, -0.076896, 1
(891.000000, 55.000000), (857.000000, 74.000000), 0.010706, 0.038243, 1
(857.000000, 74.000000), (816.000000, 88.000000), 0.021591, 0.023207, 1
(816.000000, 88.000000), (782.000000, 78.000000), -0.066469, -0.040135, 1
(782.000000, 78.000000), (735.000000, 58.000000), 0.064590, -0.089724, 1
(735.000000, 58.000000), (717.000000, 50.000000), -0.083858, -0.002686, 1
(717.000000, 50.000000), (667.000000, 6.000000), 0.022294, -0.003568, 1
(667.000000, 6.000000), (664.000000, 6.000000), -0.064931, 0.027284, 1
(664.000000, 6.000000), (667.000000, 3.000000), -0.077441, 0.086834, 1
(667.000000, 3.000000), (680.000000, 12.000000), -0.051806, 0.061507, 1
(90.000000, 412.000000), (86.000000, 427.000000), -0.030559, -0.043990, 1
(86.000000, 427.000000), (127.000000, 468.000000), -0.062999, -0.066377, 1
(127.000000, 468.000000), (223.000000, 519.000000), -0.080912, 0.019184, 1
(223.000000, 519.000000), (276.000000, 566.000000), -0.022367, -0.073845, 1
(276.000000, 566.000000), (288.000000, 606.000000), -0.015205, -0.000437, 1
(288.000000, 606.000000), (201.000000, 549.000000), -0.085393, 0.089508, 1
(201.000000, 549.000000), (108.000000, 499.000000), 0.034555, 0.088415, 1
(108.000000, 499.000000), (59.000000, 488.000000), 0.063034, -0.009523, 1
(59.000000, 488.000000), (21.000000, 465.000000), 0.043704, -0.032357, 1
(21.000000, 465.000000), (18.000000, 484.000000), 0.042068, -0.064382, 1
(18.000000, 484.000000), (83.000000, 511.000000), 0.068728, 0.036153, 1
(83.000000, 511.000000), (145.000000, 535.000000), -0.092092, 0.043787, 1
(145.000000, 535.000000), (177.000000, 560.000000), 0.000774, 0.003646, 1
(177.000000, 560.000000), (65.000000, 556.000000), 0.023866, 0.012276, 1
(65.000000, 556.000000), (31.000000, 556.000000), 0.034102, -0.018934, 1
(31.000000, 556.000000), (6.000000, 557.000000), 0.079497, 0.088927, 1
(6.000000, 557.000000), (145.000000, 579.000000), -0.000241, 0.058446, 1
(145.000000, 579.000000), (198.000000, 581.000000), 0.026382, 0.055026, 1
(198.000000, 581.000000), (242.000000, 600.000000), 0.082465, 0.091732, 1
(242.000000, 600.000000), (267.000000, 623.000000), -0.033142, -0.033793, 1
(267.000000, 623.000000), (270.000000, 668.000000), -0.064073, 0.091733, 1
(270.000000, 668.000000), (288.000000, 744.000000), -0.064706, 0.017236, 1
(288.000000, 744.000000), (232.000000, 781.000000), 0.032955, -0.098959, 1
(232.000000, 781.000000), (201.000000, 797.000000), 0.015189, 0.040222, 1
(201.000000, 797.000000), (288.000000, 781.000000), -0.073913, -0.066948, 1
(288.000000, 781.000000), (276.000000, 795.000000), 0.063080, 0.082673, 1
(276.000000, 795.000000), (316.000000, 778.000000), 0.027351, 0.097146, 1
(316.000000, 778.000000), (316.000000, 797.000000), -0.043803, 0.027362, 1
(316.000000, 797.000000), (350.000000, 781.000000), 0.043353, 0.003186, 1
(350.000000, 781.000000), (372.000000, 792.000000), -0.031379, 0.052819, 1
(372.000000, 792.000000), (388.000000, 778.000000), 0.062703, 0.091888, 1
(388.000000, 778.000000), (447.000000, 794.000000), -0.061388, 0.015789, 1
(447.000000, 794.000000), (341.000000, 722.000000), 0.047600, 0.094443, 1
(341.000000, 722.000000), (347.000000, 644.000000), 0.034049, -0.082702, 1
(347.000000, 644.000000), (335.000000, 606.000000), -0.015850, 0.094148, 1
(335.000000, 606.000000), (397.000000, 564.000000), 0.015348, -0.061742, 1
(397.000000, 564.000000), (481.000000, 539.000000), -0.063677, -0.055924, 1
(481.000000, 539.000000), (565.000000, 525.000000), 0.040732, -0.035005, 1
(565.000000, 525.000000), (462.000000, 525.000000), -0.063033, 0.076491, 1
(462.000000, 525.000000), (388.000000, 549.000000), 0.062960, 0.059099, 1
(388.000000, 549.000000), (357.000000, 567.000000), 0.034330, 0.023220, 1
(357.000000, 567.000000), (391.000000, 515.000000), -0.038877, 0.000656, 1
(391.000000, 515.000000), (434.000000, 495.000000), 0.096096, -0.008376, 1
(434.000000, 495.000000), (487.000000, 492.000000), 0.038045, -0.011038, 1
(487.000000, 492.000000), (549.000000, 491.000000), 0.075873, -0.066885, 1
(549.000000, 491.000000), (568.000000, 482.000000), 0.086488, 0.075076, 1
(568.000000, 482.000000), (518.000000, 480.000000), -0.025455, 0.030608, 1
(518.000000, 480.000000), (487.000000, 482.000000), -0.062046, -0.005559, 1
(487.000000, 482.000000), (481.000000, 485.000000), -0.058329, 0.019551, 1
(481.000000, 485.000000), (428.000000, 482.000000), 0.048436, 0.006078, 1
(428.000000, 482.000000), (555.000000, 436.000000), -0.030335, -0.015722, 1
(555.000000, 436.000000), (391.000000, 480.000000), -0.055332, -0.079319, 1
(391.000000, 480.000000), (369.000000, 506.000000), 0.056330, 0.082429, 1
(369.000000, 506.000000), (322.000000, 579.000000), 0.011649, 0.098208, 1
(322.000000, 579.000000), (248.000000, 513.000000), 0.030136, 0.033055, 1
(248.000000, 513.000000), (226.000000, 495.000000), -0.036562, 0.011742, 1
(226.000000, 495.000000), (304.000000, 468.000000), 0.015816, 0.060931, 1
(304.000000, 468.000000), (341.000000, 437.000000), 0.090977, -0.047938, 1
(341.000000, 437.000000), (366.000000, 421.000000), 0.030520, 0.072602, 1
(366.000000, 421.000000), (313.000000, 436.000000), 0.052173, -0.010572, 1
(313.000000, 436.000000), (301.000000, 455.000000), 0.087897, 0.024092, 1
(301.000000, 455.000000), (267.000000, 474.000000), 0.073065, -0.044985, 1
(267.000000, 474.000000), (226.000000, 488.000000), 0.037821, -0.068547, 1
(226.000000, 488.000000), (192.000000, 478.000000), 0.056294, -0.092069, 1
(192.000000, 478.000000), (145.000000, 458.000000), -0.097273, -0.065410, 1
(145.000000, 458.000000), (127.000000, 450.000000), 0.058316, 0.042248, 1
(127.000000, 450.000000), (77.000000, 406.000000), -0.059933, -0.028306, 1
(77.000000, 406.000000), (74.000000, 406.000000), -0.001348, -0.057370, 1
(74.000000, 406.000000), (77.000000, 403.000000), 0.041733, -0.096545, 1
(77.000000, 403.000000), (90.000000, 412.000000), -0.081850, 0.017283, 1