700
(242.000000, 446.000000), (242.000000, 446.000000), -0.009839, -0.139398, 0
(242.000000, 446.000000), (242.000000, 446.000000), -0.009839, -0.139398, 0
(242.000000, 446.000000), (242.000000, 446.000000), -0.009839, -0.139398, 0
(242.000000, 446.000000), (242.000000, 446.000000), -0.009839, -0.139398, 0
(242.000000, 446.000000), (242.000000, 446.000000), -0.009839, -0.139398, 0
(242.000000, 446.000000), (242.000000, 446.000000), -0.009839, -0.139398, 0
(242.000000, 446.000000), (242.000000, 446.000000), -0.009839, -0.139398, 0
(30.100000, 397.100000), (46.900000, 413.900000), 0.061380, 0.238737, 1
(88.900000, 397.100000), (72.100000, 413.900000), 0.061380, 0.238737, 1
(28.000000, 395.000000), (91.000000, 395.000000), 0.061380, 0.238737, 1
(49.000000, 397.100000), (49.000000, 434.900000), 0.061380, 0.238737, 1
(70.000000, 397.100000), (70.000000, 434.900000), 0.061380, 0.238737, 1
(51.100000, 439.100000), (57.400000, 455.900000), 0.061380, 0.238737, 1
(67.900000, 439.100000), (61.600000, 455.900000), 0.061380, 0.238737, 1
(830.900000, 16.900000), (838.100000, 24.100000), -0.131550, 0.057523, 1
(856.100000, 16.900000), (848.900000, 24.100000), -0.131550, 0.057523, 1
(830.000000, 16.000000), (857.000000, 16.000000), -0.131550, 0.057523, 1
(839.000000, 16.900000), (839.000000, 33.100000), -0.131550, 0.057523, 1
(848.000000, 16.900000), (848.000000, 33.100000), -0.131550, 0.057523, 1
(839.900000, 34.900000), (842.600000, 42.100000), -0.131550, 0.057523, 1
(847.100000, 34.900000), (844.400000, 42.100000), -0.131550, 0.057523, 1
(644.100000, 327.100000), (652.900000, 335.900000), 0.248249, -0.236173, 0
(674.900000, 327.100000), (666.100000, 335.900000), 0.248249, -0.236173, 0
(643.000000, 326.000000), (676.000000, 326.000000), 0.248249, -0.236173, 0
(654.000000, 327.100000), (654.000000, 346.900000), 0.248249, -0.236173, 0
(665.000000, 327.100000), (665.000000, 346.900000), 0.248249, -0.236173, 0
(655.100000, 349.100000), (658.400000, 357.900000), 0.248249, -0.236173, 0
(663.900000, 349.100000), (660.600000, 357.900000), 0.248249, -0.236173, 0
(513.600000, 101.600000), (518.400000, 106.400000), 0.080792, 0.239000, 1
(530.400000, 101.600000), (525.600000, 106.400000), 0.080792, 0.239000, 1
(513.000000, 101.000000), (531.000000, 101.000000), 0.080792, 0.239000, 1
(519.000000, 101.600000), (519.000000, 112.400000), 0.080792, 0.239000, 1
(525.000000, 101.600000), (525.000000, 112.400000), 0.080792, 0.239000, 1
(519.600000, 113.600000), (521.400000, 118.400000), 0.080792, 0.239000, 1
(524.400000, 113.600000), (522.600000, 118.400000), 0.080792, 0.239000, 1
(398.600000, 37.600000), (411.400000, 50.400000), -0.219279, 0.099041, 1
(443.400000, 37.600000), (430.600000, 50.400000), -0.219279, 0.099041, 1
(397.000000, 36.000000), (445.000000, 36.000000), -0.219279, 0.099041, 1
(413.000000, 37.600000), (413.000000, 66.400000), -0.219279, 0.099041, 1
(429.000000, 37.600000), (429.000000, 66.400000), -0.219279, 0.099041, 1
(414.600000, 69.600000), (419.400000, 82.400000), -0.219279, 0.099041, 1
(427.400000, 69.600000), (422.600000, 82.400000), -0.219279, 0.099041, 1
(309.200000, 92.200000), (310.800000, 93.800000), -0.205015, 0.216930, 0
(314.800000, 92.200000), (313.200000, 93.800000), -0.205015, 0.216930, 0
(309.000000, 92.000000), (315.000000, 92.000000), -0.205015, 0.216930, 0
(311.000000, 92.200000), (311.000000, 95.800000), -0.205015, 0.216930, 0
(313.000000, 92.200000), (313.000000, 95.800000), -0.205015, 0.216930, 0
(311.200000, 96.200000), (311.800000, 97.800000), -0.205015, 0.216930, 0
(312.800000, 96.200000), (312.200000, 97.800000), -0.205015, 0.216930, 0
(811.800000, 316.800000), (826.200000, 331.200000), 0.115736, 0.196850, 1
(862.200000, 316.800000), (847.800000, 331.200000), 0.115736, 0.196850, 1
(810.000000, 315.000000), (864.000000, 315.000000), 0.115736, 0.196850, 1
(828.000000, 316.800000), (828.000000, 349.200000), 0.115736, 0.196850, 1
(846.000000, 316.800000), (846.000000, 349.200000), 0.115736, 0.196850, 1
(829.800000, 352.800000), (835.200000, 367.200000), 0.115736, 0.196850, 1
(844.200000, 352.800000), (838.800000, 367.200000), 0.115736, 0.196850, 1
(734.800000, 93.800000), (741.200000, 100.200000), 0.218171, 0.037647, 0
(757.200000, 93.800000), (750.800000, 100.200000), 0.218171, 0.037647, 0
(734.000000, 93.000000), (758.000000, 93.000000), 0.218171, 0.037647, 0
(742.000000, 93.800000), (742.000000, 108.200000), 0.218171, 0.037647, 0
(750.000000, 93.800000), (750.000000, 108.200000), 0.218171, 0.037647, 0
(742.800000, 109.800000), (745.200000, 116.200000), 0.218171, 0.037647, 0
(749.200000, 109.800000), (746.800000, 116.200000), 0.218171, 0.037647, 0
(758.200000, 220.200000), (775.800000, 237.800000), -0.145256, 0.151164, 1
(819.800000, 220.200000), (802.200000, 237.800000), -0.145256, 0.151164, 1
(756.000000, 218.000000), (822.000000, 218.000000), -0.145256, 0.151164, 1
(778.000000, 220.200000), (778.000000, 259.800000), -0.145256, 0.151164, 1
(800.000000, 220.200000), (800.000000, 259.800000), -0.145256, 0.151164, 1
(780.200000, 264.200000), (786.800000, 281.800000), -0.145256, 0.151164, 1
(797.800000, 264.200000), (791.200000, 281.800000), -0.145256, 0.151164, 1
(505.800000, 424.800000), (512.200000, 431.200000), 0.210020, -0.006727, 1
(528.200000, 424.800000), (521.800000, 431.200000), 0.210020, -0.006727, 1
(505.000000, 424.000000), (529.000000, 424.000000), 0.210020, -0.006727, 1
(513.000000, 424.800000), (513.000000, 439.200000), 0.210020, -0.006727, 1
(521.000000, 424.800000), (521.000000, 439.200000), 0.210020, -0.006727, 1
(513.800000, 440.800000), (516.200000, 447.200000), 0.210020, -0.006727, 1
(520.200000, 440.800000), (517.800000, 447.200000), 0.210020, -0.006727, 1
(672.200000, 181.200000), (673.800000, 182.800000), 0.189749, -0.097224, 0
(677.800000, 181.200000), (676.200000, 182.800000), 0.189749, -0.097224, 0
(672.000000, 181.000000), (678.000000, 181.000000), 0.189749, -0.097224, 0
(674.000000, 181.200000), (674.000000, 184.800000), 0.189749, -0.097224, 0
(676.000000, 181.200000), (676.000000, 184.800000), 0.189749, -0.097224, 0
(674.200000, 185.200000), (674.800000, 186.800000), 0.189749, -0.097224, 0
(675.800000, 185.200000), (675.200000, 186.800000), 0.189749, -0.097224, 0
(402.300000, 253.300000), (404.700000, 255.700000), -0.240398, -0.212946, 0
(410.700000, 253.300000), (408.300000, 255.700000), -0.240398, -0.212946, 0
(402.000000, 253.000000), (411.000000, 253.000000), -0.240398, -0.212946, 0
(405.000000, 253.300000), (405.000000, 258.700000), -0.240398, -0.212946, 0
(408.000000, 253.300000), (408.000000, 258.700000), -0.240398, -0.212946, 0
(405.300000, 259.300000), (406.200000, 261.700000), -0.240398, -0.212946, 0
(407.700000, 259.300000), (406.800000, 261.700000), -0.240398, -0.212946, 0
(625.900000, 282.900000), (649.100000, 306.100000), 0.123462, 0.127375, 0
(707.100000, 282.900000), (683.900000, 306.100000), 0.123462, 0.127375, 0
(623.000000, 280.000000), (710.000000, 280.000000), 0.123462, 0.127375, 0
(652.000000, 282.900000), (652.000000, 335.100000), 0.123462, 0.127375, 0
(681.000000, 282.900000), (681.000000, 335.100000), 0.123462, 0.127375, 0
(654.900000, 340.900000), (663.600000, 364.100000), 0.123462, 0.127375, 0
(678.100000, 340.900000), (669.400000, 364.100000), 0.123462, 0.127375, 0
(984.500000, 241.500000), (1004.500000, 261.500000), -0.148917, -0.233173, 1
(1054.500000, 241.500000), (1034.500000, 261.500000), -0.148917, -0.233173, 1
(982.000000, 239.000000), (1057.000000, 239.000000), -0.148917, -0.233173, 1
(1007.000000, 241.500000), (1007.000000, 286.500000), -0.148917, -0.233173, 1
(1032.000000, 241.500000), (1032.000000, 286.500000), -0.148917, -0.233173, 1
(1009.500000, 291.500000), (1017.000000, 311.500000), -0.148917, -0.233173, 1
(1029.500000, 291.500000), (1022.000000, 311.500000), -0.148917, -0.233173, 1
(800.800000, 332.800000), (815.200000, 347.200000), -0.029287, -0.237576, 1
(851.200000, 332.800000), (836.800000, 347.200000), -0.029287, -0.237576, 1
(799.000000, 331.000000), (853.000000, 331.000000), -0.029287, -0.237576, 1
(817.000000, 332.800000), (817.000000, 365.200000), -0.029287, -0.237576, 1
(835.000000, 332.800000), (835.000000, 365.200000), -0.029287, -0.237576, 1
(818.800000, 368.800000), (824.200000, 383.200000), -0.029287, -0.237576, 1
(833.200000, 368.800000), (827.800000, 383.200000), -0.029287, -0.237576, 1
(351.700000, 56.700000), (357.300000, 62.300000), 0.051505, -0.181607, 0
(371.300000, 56.700000), (365.700000, 62.300000), 0.051505, -0.181607, 0
(351.000000, 56.000000), (372.000000, 56.000000), 0.051505, -0.181607, 0
(358.000000, 56.700000), (358.000000, 69.300000), 0.051505, -0.181607, 0
(365.000000, 56.700000), (365.000000, 69.300000), 0.051505, -0.181607, 0
(358.700000, 70.700000), (360.800000, 76.300000), 0.051505, -0.181607, 0
(364.300000, 70.700000), (362.200000, 76.300000), 0.051505, -0.181607, 0
(298.500000, 498.500000), (318.500000, 518.500000), -0.092733, -0.103504, 1
(368.500000, 498.500000), (348.500000, 518.500000), -0.092733, -0.103504, 1
(296.000000, 496.000000), (371.000000, 496.000000), -0.092733, -0.103504, 1
(321.000000, 498.500000), (321.000000, 543.500000), -0.092733, -0.103504, 1
(346.000000, 498.500000), (346.000000, 543.500000), -0.092733, -0.103504, 1
(323.500000, 548.500000), (331.000000, 568.500000), -0.092733, -0.103504, 1
(343.500000, 548.500000), (336.000000, 568.500000), -0.092733, -0.103504, 1
(424.700000, 150.700000), (430.300000, 156.300000), -0.107858, -0.204137, 0
(444.300000, 150.700000), (438.700000, 156.300000), -0.107858, -0.204137, 0
(424.000000, 150.000000), (445.000000, 150.000000), -0.107858, -0.204137, 0
(431.000000, 150.700000), (431.000000, 163.300000), -0.107858, -0.204137, 0
(438.000000, 150.700000), (438.000000, 163.300000), -0.107858, -0.204137, 0
(431.700000, 164.700000), (433.800000, 170.300000), -0.107858, -0.204137, 0
(437.300000, 164.700000), (435.200000, 170.300000), -0.107858, -0.204137, 0
(445.800000, 468.800000), (468.200000, 491.200000), 0.153783, 0.087742, 1
(524.200000, 468.800000), (501.800000, 491.200000), 0.153783, 0.087742, 1
(443.000000, 466.000000), (527.000000, 466.000000), 0.153783, 0.087742, 1
(471.000000, 468.800000), (471.000000, 519.200000), 0.153783, 0.087742, 1
(499.000000, 468.800000), (499.000000, 519.200000), 0.153783, 0.087742, 1
(473.800000, 524.800000), (482.200000, 547.200000), 0.153783, 0.087742, 1
(496.200000, 524.800000), (487.800000, 547.200000), 0.153783, 0.087742, 1
(880.500000, 399.500000), (892.500000, 411.500000), 0.163429, -0.007189, 1
(922.500000, 399.500000), (910.500000, 411.500000), 0.163429, -0.007189, 1
(879.000000, 398.000000), (924.000000, 398.000000), 0.163429, -0.007189, 1
(894.000000, 399.500000), (894.000000, 426.500000), 0.163429, -0.007189, 1
(909.000000, 399.500000), (909.000000, 426.500000), 0.163429, -0.007189, 1
(895.500000, 429.500000), (900.000000, 441.500000), 0.163429, -0.007189, 1
(907.500000, 429.500000), (903.000000, 441.500000), 0.163429, -0.007189, 1
(712.900000, 206.900000), (728.100000, 222.100000), -0.035815, -0.059347, 0
(766.100000, 206.900000), (750.900000, 222.100000), -0.035815, -0.059347, 0
(711.000000, 205.000000), (768.000000, 205.000000), -0.035815, -0.059347, 0
(730.000000, 206.900000), (730.000000, 241.100000), -0.035815, -0.059347, 0
(749.000000, 206.900000), (749.000000, 241.100000), -0.035815, -0.059347, 0
(731.900000, 244.900000), (737.600000, 260.100000), -0.035815, -0.059347, 0
(747.100000, 244.900000), (741.400000, 260.100000), -0.035815, -0.059347, 0
(607.800000, 298.800000), (630.200000, 321.200000), -0.032077, -0.247202, 0
(686.200000, 298.800000), (663.800000, 321.200000), -0.032077, -0.247202, 0
(605.000000, 296.000000), (689.000000, 296.000000), -0.032077, -0.247202, 0
(633.000000, 298.800000), (633.000000, 349.200000), -0.032077, -0.247202, 0
(661.000000, 298.800000), (661.000000, 349.200000), -0.032077, -0.247202, 0
(635.800000, 354.800000), (644.200000, 377.200000), -0.032077, -0.247202, 0
(658.200000, 354.800000), (649.800000, 377.200000), -0.032077, -0.247202, 0
(243.800000, 263.800000), (266.200000, 286.200000), -0.169121, -0.120359, 1
(322.200000, 263.800000), (299.800000, 286.200000), -0.169121, -0.120359, 1
(241.000000, 261.000000), (325.000000, 261.000000), -0.169121, -0.120359, 1
(269.000000, 263.800000), (269.000000, 314.200000), -0.169121, -0.120359, 1
(297.000000, 263.800000), (297.000000, 314.200000), -0.169121, -0.120359, 1
(271.800000, 319.800000), (280.200000, 342.200000), -0.169121, -0.120359, 1
(294.200000, 319.800000), (285.800000, 342.200000), -0.169121, -0.120359, 1
(348.900000, 368.900000), (364.100000, 384.100000), 0.056843, -0.153658, 0
(402.100000, 368.900000), (386.900000, 384.100000), 0.056843, -0.153658, 0
(347.000000, 367.000000), (404.000000, 367.000000), 0.056843, -0.153658, 0
(366.000000, 368.900000), (366.000000, 403.100000), 0.056843, -0.153658, 0
(385.000000, 368.900000), (385.000000, 403.100000), 0.056843, -0.153658, 0
(367.900000, 406.900000), (373.600000, 422.100000), 0.056843, -0.153658, 0
(383.100000, 406.900000), (377.400000, 422.100000), 0.056843, -0.153658, 0
(728.300000, 24.300000), (730.700000, 26.700000), -0.191711, -0.236693, 1
(736.700000, 24.300000), (734.300000, 26.700000), -0.191711, -0.236693, 1
(728.000000, 24.000000), (737.000000, 24.000000), -0.191711, -0.236693, 1
(731.000000, 24.300000), (731.000000, 29.700000), -0.191711, -0.236693, 1
(734.000000, 24.300000), (734.000000, 29.700000), -0.191711, -0.236693, 1
(731.300000, 30.300000), (732.200000, 32.700000), -0.191711, -0.236693, 1
(733.700000, 30.300000), (732.800000, 32.700000), -0.191711, -0.236693, 1
(928.900000, 166.900000), (952.100000, 190.100000), 0.201901, 0.215830, 0
(1010.100000, 166.900000), (986.900000, 190.100000), 0.201901, 0.215830, 0
(926.000000, 164.000000), (1013.000000, 164.000000), 0.201901, 0.215830, 0
(955.000000, 166.900000), (955.000000, 219.100000), 0.201901, 0.215830, 0
(984.000000, 166.900000), (984.000000, 219.100000), 0.201901, 0.215830, 0
(957.900000, 224.900000), (966.600000, 248.100000), 0.201901, 0.215830, 0
(981.100000, 224.900000), (972.400000, 248.100000), 0.201901, 0.215830, 0
(404.700000, 348.700000), (426.300000, 370.300000), -0.211613, -0.166324, 1
(480.300000, 348.700000), (458.700000, 370.300000), -0.211613, -0.166324, 1
(402.000000, 346.000000), (483.000000, 346.000000), -0.211613, -0.166324, 1
(429.000000, 348.700000), (429.000000, 397.300000), -0.211613, -0.166324, 1
(456.000000, 348.700000), (456.000000, 397.300000), -0.211613, -0.166324, 1
(431.700000, 402.700000), (439.800000, 424.300000), -0.211613, -0.166324, 1
(453.300000, 402.700000), (445.200000, 424.300000), -0.211613, -0.166324, 1
(185.000000, 367.000000), (185.000000, 367.000000), 0.249123, -0.191329, 0
(185.000000, 367.000000), (185.000000, 367.000000), 0.249123, -0.191329, 0
(185.000000, 367.000000), (185.000000, 367.000000), 0.249123, -0.191329, 0
(185.000000, 367.000000), (185.000000, 367.000000), 0.249123, -0.191329, 0
(185.000000, 367.000000), (185.000000, 367.000000), 0.249123, -0.191329, 0
(185.000000, 367.000000), (185.000000, 367.000000), 0.249123, -0.191329, 0
(185.000000, 367.000000), (185.000000, 367.000000), 0.249123, -0.191329, 0
(884.900000, 460.900000), (900.100000, 476.100000), 0.017285, 0.205956, 0
(938.100000, 460.900000), (922.900000, 476.100000), 0.017285, 0.205956, 0
(883.000000, 459.000000), (940.000000, 459.000000), 0.017285, 0.205956, 0
(902.000000, 460.900000), (902.000000, 495.100000), 0.017285, 0.205956, 0
(921.000000, 460.900000), (921.000000, 495.100000), 0.017285, 0.205956, 0
(903.900000, 498.900000), (909.600000, 514.100000), 0.017285, 0.205956, 0
(919.100000, 498.900000), (913.400000, 514.100000), 0.017285, 0.205956, 0
(651.600000, 72.600000), (672.400000, 93.400000), -0.176033, 0.215312, 1
(724.400000, 72.600000), (703.600000, 93.400000), -0.176033, 0.215312, 1
(649.000000, 70.000000), (727.000000, 70.000000), -0.176033, 0.215312, 1
(675.000000, 72.600000), (675.000000, 119.400000), -0.176033, 0.215312, 1
(701.000000, 72.600000), (701.000000, 119.400000), -0.176033, 0.215312, 1
(677.600000, 124.600000), (685.400000, 145.400000), -0.176033, 0.215312, 1
(698.400000, 124.600000), (690.600000, 145.400000), -0.176033, 0.215312, 1
(947.400000, 191.400000), (950.600000, 194.600000), -0.096980, -0.027649, 0
(958.600000, 191.400000), (955.400000, 194.600000), -0.096980, -0.027649, 0
(947.000000, 191.000000), (959.000000, 191.000000), -0.096980, -0.027649, 0
(951.000000, 191.400000), (951.000000, 198.600000), -0.096980, -0.027649, 0
(955.000000, 191.400000), (955.000000, 198.600000), -0.096980, -0.027649, 0
(951.400000, 199.400000), (952.600000, 202.600000), -0.096980, -0.027649, 0
(954.600000, 199.400000), (953.400000, 202.600000), -0.096980, -0.027649, 0
(209.200000, 431.200000), (210.800000, 432.800000), -0.132643, -0.193180, 0
(214.800000, 431.200000), (213.200000, 432.800000), -0.132643, -0.193180, 0
(209.000000, 431.000000), (215.000000, 431.000000), -0.132643, -0.193180, 0
(211.000000, 431.200000), (211.000000, 434.800000), -0.132643, -0.193180, 0
(213.000000, 431.200000), (213.000000, 434.800000), -0.132643, -0.193180, 0
(211.200000, 435.200000), (211.800000, 436.800000), -0.132643, -0.193180, 0
(212.800000, 435.200000), (212.200000, 436.800000), -0.132643, -0.193180, 0
(363.500000, 106.500000), (375.500000, 118.500000), 0.131544, 0.220176, 0
(405.500000, 106.500000), (393.500000, 118.500000), 0.131544, 0.220176, 0
(362.000000, 105.000000), (407.000000, 105.000000), 0.131544, 0.220176, 0
(377.000000, 106.500000), (377.000000, 133.500000), 0.131544, 0.220176, 0
(392.000000, 106.500000), (392.000000, 133.500000), 0.131544, 0.220176, 0
(378.500000, 136.500000), (383.000000, 148.500000), 0.131544, 0.220176, 0
(390.500000, 136.500000), (386.000000, 148.500000), 0.131544, 0.220176, 0
(57.000000, 238.000000), (73.000000, 254.000000), 0.038655, 0.000127, 0
(113.000000, 238.000000), (97.000000, 254.000000), 0.038655, 0.000127, 0
(55.000000, 236.000000), (115.000000, 236.000000), 0.038655, 0.000127, 0
(75.000000, 238.000000), (75.000000, 274.000000), 0.038655, 0.000127, 0
(95.000000, 238.000000), (95.000000, 274.000000), 0.038655, 0.000127, 0
(77.000000, 278.000000), (83.000000, 294.000000), 0.038655, 0.000127, 0
(93.000000, 278.000000), (87.000000, 294.000000), 0.038655, 0.000127, 0
(982.900000, 280.900000), (998.100000, 296.100000), -0.105957, 0.215563, 1
(1036.100000, 280.900000), (1020.900000, 296.100000), -0.105957, 0.215563, 1
(981.000000, 279.000000), (1038.000000, 279.000000), -0.105957, 0.215563, 1
(1000.000000, 280.900000), (1000.000000, 315.100000), -0.105957, 0.215563, 1
(1019.000000, 280.900000), (1019.000000, 315.100000), -0.105957, 0.215563, 1
(1001.900000, 318.900000), (1007.600000, 334.100000), -0.105957, 0.215563, 1
(1017.100000, 318.900000), (1011.400000, 334.100000), -0.105957, 0.215563, 1
(457.200000, 394.200000), (474.800000, 411.800000), 0.077572, -0.135791, 1
(518.800000, 394.200000), (501.200000, 411.800000), 0.077572, -0.135791, 1
(455.000000, 392.000000), (521.000000, 392.000000), 0.077572, -0.135791, 1
(477.000000, 394.200000), (477.000000, 433.800000), 0.077572, -0.135791, 1
(499.000000, 394.200000), (499.000000, 433.800000), 0.077572, -0.135791, 1
(479.200000, 438.200000), (485.800000, 455.800000), 0.077572, -0.135791, 1
(496.800000, 438.200000), (490.200000, 455.800000), 0.077572, -0.135791, 1
(780.200000, 414.200000), (789.800000, 423.800000), 0.003499, 0.216019, 1
(813.800000, 414.200000), (804.200000, 423.800000), 0.003499, 0.216019, 1
(779.000000, 413.000000), (815.000000, 413.000000), 0.003499, 0.216019, 1
(791.000000, 414.200000), (791.000000, 435.800000), 0.003499, 0.216019, 1
(803.000000, 414.200000), (803.000000, 435.800000), 0.003499, 0.216019, 1
(792.200000, 438.200000), (795.800000, 447.800000), 0.003499, 0.216019, 1
(801.800000, 438.200000), (798.200000, 447.800000), 0.003499, 0.216019, 1
(968.400000, 447.400000), (979.600000, 458.600000), -0.151651, 0.241848, 1
(1007.600000, 447.400000), (996.400000, 458.600000), -0.151651, 0.241848, 1
(967.000000, 446.000000), (1009.000000, 446.000000), -0.151651, 0.241848, 1
(981.000000, 447.400000), (981.000000, 472.600000), -0.151651, 0.241848, 1
(995.000000, 447.400000), (995.000000, 472.600000), -0.151651, 0.241848, 1
(982.400000, 475.400000), (986.600000, 486.600000), -0.151651, 0.241848, 1
(993.600000, 475.400000), (989.400000, 486.600000), -0.151651, 0.241848, 1
(275.600000, 31.600000), (280.400000, 36.400000), 0.201381, -0.034269, 0
(292.400000, 31.600000), (287.600000, 36.400000), 0.201381, -0.034269, 0
(275.000000, 31.000000), (293.000000, 31.000000), 0.201381, -0.034269, 0
(281.000000, 31.600000), (281.000000, 42.400000), 0.201381, -0.034269, 0
(287.000000, 31.600000), (287.000000, 42.400000), 0.201381, -0.034269, 0
(281.600000, 43.600000), (283.400000, 48.400000), 0.201381, -0.034269, 0
(286.400000, 43.600000), (284.600000, 48.400000), 0.201381, -0.034269, 0
(322.700000, 307.700000), (336.300000, 321.300000), -0.105012, 0.179525, 0
(370.300000, 307.700000), (356.700000, 321.300000), -0.105012, 0.179525, 0
(321.000000, 306.000000), (372.000000, 306.000000), -0.105012, 0.179525, 0
(338.000000, 307.700000), (338.000000, 338.300000), -0.105012, 0.179525, 0
(355.000000, 307.700000), (355.000000, 338.300000), -0.105012, 0.179525, 0
(339.700000, 341.700000), (344.800000, 355.300000), -0.105012, 0.179525, 0
(353.300000, 341.700000), (348.200000, 355.300000), -0.105012, 0.179525, 0
(358.700000, 132.700000), (380.300000, 154.300000), 0.080881, 0.249299, 1
(434.300000, 132.700000), (412.700000, 154.300000), 0.080881, 0.249299, 1
(356.000000, 130.000000), (437.000000, 130.000000), 0.080881, 0.249299, 1
(383.000000, 132.700000), (383.000000, 181.300000), 0.080881, 0.249299, 1
(410.000000, 132.700000), (410.000000, 181.300000), 0.080881, 0.249299, 1
(385.700000, 186.700000), (393.800000, 208.300000), 0.080881, 0.249299, 1
(407.300000, 186.700000), (399.200000, 208.300000), 0.080881, 0.249299, 1
(73.000000, 154.000000), (73.000000, 154.000000), -0.107710, -0.044853, 1
(73.000000, 154.000000), (73.000000, 154.000000), -0.107710, -0.044853, 1
(73.000000, 154.000000), (73.000000, 154.000000), -0.107710, -0.044853, 1
(73.000000, 154.000000), (73.000000, 154.000000), -0.107710, -0.044853, 1
(73.000000, 154.000000), (73.000000, 154.000000), -0.107710, -0.044853, 1
(73.000000, 154.000000), (73.000000, 154.000000), -0.107710, -0.044853, 1
(73.000000, 154.000000), (73.000000, 154.000000), -0.107710, -0.044853, 1
(422.300000, 15.300000), (440.700000, 33.700000), -0.199836, 0.020510, 1
(486.700000, 15.300000), (468.300000, 33.700000), -0.199836, 0.020510, 1
(420.000000, 13.000000), (489.000000, 13.000000), -0.199836, 0.020510, 1
(443.000000, 15.300000), (443.000000, 56.700000), -0.199836, 0.020510, 1
(466.000000, 15.300000), (466.000000, 56.700000), -0.199836, 0.020510, 1
(445.300000, 61.300000), (452.200000, 79.700000), -0.199836, 0.020510, 1
(463.700000, 61.300000), (456.800000, 79.700000), -0.199836, 0.020510, 1
(161.700000, 448.700000), (183.300000, 470.300000), 0.210000, -0.019743, 0
(237.300000, 448.700000), (215.700000, 470.300000), 0.210000, -0.019743, 0
(159.000000, 446.000000), (240.000000, 446.000000), 0.210000, -0.019743, 0
(186.000000, 448.700000), (186.000000, 497.300000), 0.210000, -0.019743, 0
(213.000000, 448.700000), (213.000000, 497.300000), 0.210000, -0.019743, 0
(188.700000, 502.700000), (196.800000, 524.300000), 0.210000, -0.019743, 0
(210.300000, 502.700000), (202.200000, 524.300000), 0.210000, -0.019743, 0
(177.700000, 306.700000), (191.300000, 320.300000), -0.110188, 0.055441, 0
(225.300000, 306.700000), (211.700000, 320.300000), -0.110188, 0.055441, 0
(176.000000, 305.000000), (227.000000, 305.000000), -0.110188, 0.055441, 0
(193.000000, 306.700000), (193.000000, 337.300000), -0.110188, 0.055441, 0
(210.000000, 306.700000), (210.000000, 337.300000), -0.110188, 0.055441, 0
(194.700000, 340.700000), (199.800000, 354.300000), -0.110188, 0.055441, 0
(208.300000, 340.700000), (203.200000, 354.300000), -0.110188, 0.055441, 0
(203.500000, 202.500000), (215.500000, 214.500000), -0.002926, 0.237959, 0
(245.500000, 202.500000), (233.500000, 214.500000), -0.002926, 0.237959, 0
(202.000000, 201.000000), (247.000000, 201.000000), -0.002926, 0.237959, 0
(217.000000, 202.500000), (217.000000, 229.500000), -0.002926, 0.237959, 0
(232.000000, 202.500000), (232.000000, 229.500000), -0.002926, 0.237959, 0
(218.500000, 232.500000), (223.000000, 244.500000), -0.002926, 0.237959, 0
(230.500000, 232.500000), (226.000000, 244.500000), -0.002926, 0.237959, 0
(343.000000, 202.000000), (351.000000, 210.000000), -0.143547, 0.080430, 1
(371.000000, 202.000000), (363.000000, 210.000000), -0.143547, 0.080430, 1
(342.000000, 201.000000), (372.000000, 201.000000), -0.143547, 0.080430, 1
(352.000000, 202.000000), (352.000000, 220.000000), -0.143547, 0.080430, 1
(362.000000, 202.000000), (362.000000, 220.000000), -0.143547, 0.080430, 1
(353.000000, 222.000000), (356.000000, 230.000000), -0.143547, 0.080430, 1
(361.000000, 222.000000), (358.000000, 230.000000), -0.143547, 0.080430, 1
(912.100000, 446.100000), (912.900000, 446.900000), -0.186663, -0.083225, 0
(914.900000, 446.100000), (914.100000, 446.900000), -0.186663, -0.083225, 0
(912.000000, 446.000000), (915.000000, 446.000000), -0.186663, -0.083225, 0
(913.000000, 446.100000), (913.000000, 447.900000), -0.186663, -0.083225, 0
(914.000000, 446.100000), (914.000000, 447.900000), -0.186663, -0.083225, 0
(913.100000, 448.100000), (913.400000, 448.900000), -0.186663, -0.083225, 0
(913.900000, 448.100000), (913.600000, 448.900000), -0.186663, -0.083225, 0
(544.500000, 276.500000), (564.500000, 296.500000), 0.092261, 0.076144, 1
(614.500000, 276.500000), (594.500000, 296.500000), 0.092261, 0.076144, 1
(542.000000, 274.000000), (617.000000, 274.000000), 0.092261, 0.076144, 1
(567.000000, 276.500000), (567.000000, 321.500000), 0.092261, 0.076144, 1
(592.000000, 276.500000), (592.000000, 321.500000), 0.092261, 0.076144, 1
(569.500000, 326.500000), (577.000000, 346.500000), 0.092261, 0.076144, 1
(589.500000, 326.500000), (582.000000, 346.500000), 0.092261, 0.076144, 1
(430.100000, 88.100000), (446.900000, 104.900000), -0.028701, -0.056994, 0
(488.900000, 88.100000), (472.100000, 104.900000), -0.028701, -0.056994, 0
(428.000000, 86.000000), (491.000000, 86.000000), -0.028701, -0.056994, 0
(449.000000, 88.100000), (449.000000, 125.900000), -0.028701, -0.056994, 0
(470.000000, 88.100000), (470.000000, 125.900000), -0.028701, -0.056994, 0
(451.100000, 130.100000), (457.400000, 146.900000), -0.028701, -0.056994, 0
(467.900000, 130.100000), (461.600000, 146.900000), -0.028701, -0.056994, 0
(66.300000, 423.300000), (84.700000, 441.700000), -0.106482, 0.137619, 0
(130.700000, 423.300000), (112.300000, 441.700000), -0.106482, 0.137619, 0
(64.000000, 421.000000), (133.000000, 421.000000), -0.106482, 0.137619, 0
(87.000000, 423.300000), (87.000000, 464.700000), -0.106482, 0.137619, 0
(110.000000, 423.300000), (110.000000, 464.700000), -0.106482, 0.137619, 0
(89.300000, 469.300000), (96.200000, 487.700000), -0.106482, 0.137619, 0
(107.700000, 469.300000), (100.800000, 487.700000), -0.106482, 0.137619, 0
(114.100000, 5.100000), (122.900000, 13.900000), -0.023982, -0.161249, 1
(144.900000, 5.100000), (136.100000, 13.900000), -0.023982, -0.161249, 1
(113.000000, 4.000000), (146.000000, 4.000000), -0.023982, -0.161249, 1
(124.000000, 5.100000), (124.000000, 24.900000), -0.023982, -0.161249, 1
(135.000000, 5.100000), (135.000000, 24.900000), -0.023982, -0.161249, 1
(125.100000, 27.100000), (128.400000, 35.900000), -0.023982, -0.161249, 1
(133.900000, 27.100000), (130.600000, 35.900000), -0.023982, -0.161249, 1
(156.900000, 397.900000), (164.100000, 405.100000), -0.005991, 0.085781, 0
(182.100000, 397.900000), (174.900000, 405.100000), -0.005991, 0.085781, 0
(156.000000, 397.000000), (183.000000, 397.000000), -0.005991, 0.085781, 0
(165.000000, 397.900000), (165.000000, 414.100000), -0.005991, 0.085781, 0
(174.000000, 397.900000), (174.000000, 414.100000), -0.005991, 0.085781, 0
(165.900000, 415.900000), (168.600000, 423.100000), -0.005991, 0.085781, 0
(173.100000, 415.900000), (170.400000, 423.100000), -0.005991, 0.085781, 0
(976.200000, 32.200000), (977.800000, 33.800000), -0.161467, 0.197958, 0
(981.800000, 32.200000), (980.200000, 33.800000), -0.161467, 0.197958, 0
(976.000000, 32.000000), (982.000000, 32.000000), -0.161467, 0.197958, 0
(978.000000, 32.200000), (978.000000, 35.800000), -0.161467, 0.197958, 0
(980.000000, 32.200000), (980.000000, 35.800000), -0.161467, 0.197958, 0
(978.200000, 36.200000), (978.800000, 37.800000), -0.161467, 0.197958, 0
(979.800000, 36.200000), (979.200000, 37.800000), -0.161467, 0.197958, 0
(391.900000, 360.900000), (407.100000, 376.100000), 0.179244, 0.081501, 1
(445.100000, 360.900000), (429.900000, 376.100000), 0.179244, 0.081501, 1
(390.000000, 359.000000), (447.000000, 359.000000), 0.179244, 0.081501, 1
(409.000000, 360.900000), (409.000000, 395.100000), 0.179244, 0.081501, 1
(428.000000, 360.900000), (428.000000, 395.100000), 0.179244, 0.081501, 1
(410.900000, 398.900000), (416.600000, 414.100000), 0.179244, 0.081501, 1
(426.100000, 398.900000), (420.400000, 414.100000), 0.179244, 0.081501, 1
(256.700000, 484.700000), (278.300000, 506.300000), 0.051627, -0.006900, 1
(332.300000, 484.700000), (310.700000, 506.300000), 0.051627, -0.006900, 1
(254.000000, 482.000000), (335.000000, 482.000000), 0.051627, -0.006900, 1
(281.000000, 484.700000), (281.000000, 533.300000), 0.051627, -0.006900, 1
(308.000000, 484.700000), (308.000000, 533.300000), 0.051627, -0.006900, 1
(283.700000, 538.700000), (291.800000, 560.300000), 0.051627, -0.006900, 1
(305.300000, 538.700000), (297.200000, 560.300000), 0.051627, -0.006900, 1
(974.100000, 33.100000), (990.900000, 49.900000), 0.026794, 0.210626, 1
(1032.900000, 33.100000), (1016.100000, 49.900000), 0.026794, 0.210626, 1
(972.000000, 31.000000), (1035.000000, 31.000000), 0.026794, 0.210626, 1
(993.000000, 33.100000), (993.000000, 70.900000), 0.026794, 0.210626, 1
(1014.000000, 33.100000), (1014.000000, 70.900000), 0.026794, 0.210626, 1
(995.100000, 75.100000), (1001.400000, 91.900000), 0.026794, 0.210626, 1
(1011.900000, 75.100000), (1005.600000, 91.900000), 0.026794, 0.210626, 1
(33.000000, 300.000000), (41.000000, 308.000000), 0.014213, -0.165415, 1
(61.000000, 300.000000), (53.000000, 308.000000), 0.014213, -0.165415, 1
(32.000000, 299.000000), (62.000000, 299.000000), 0.014213, -0.165415, 1
(42.000000, 300.000000), (42.000000, 318.000000), 0.014213, -0.165415, 1
(52.000000, 300.000000), (52.000000, 318.000000), 0.014213, -0.165415, 1
(43.000000, 320.000000), (46.000000, 328.000000), 0.014213, -0.165415, 1
(51.000000, 320.000000), (48.000000, 328.000000), 0.014213, -0.165415, 1
(902.300000, 74.300000), (912.700000, 84.700000), 0.195796, 0.236965, 1
(938.700000, 74.300000), (928.300000, 84.700000), 0.195796, 0.236965, 1
(901.000000, 73.000000), (940.000000, 73.000000), 0.195796, 0.236965, 1
(914.000000, 74.300000), (914.000000, 97.700000), 0.195796, 0.236965, 1
(927.000000, 74.300000), (927.000000, 97.700000), 0.195796, 0.236965, 1
(915.300000, 100.300000), (919.200000, 110.700000), 0.195796, 0.236965, 1
(925.700000, 100.300000), (921.800000, 110.700000), 0.195796, 0.236965, 1
(453.700000, 75.700000), (467.300000, 89.300000), 0.085723, 0.223647, 0
(501.300000, 75.700000), (487.700000, 89.300000), 0.085723, 0.223647, 0
(452.000000, 74.000000), (503.000000, 74.000000), 0.085723, 0.223647, 0
(469.000000, 75.700000), (469.000000, 106.300000), 0.085723, 0.223647, 0
(486.000000, 75.700000), (486.000000, 106.300000), 0.085723, 0.223647, 0
(470.700000, 109.700000), (475.800000, 123.300000), 0.085723, 0.223647, 0
(484.300000, 109.700000), (479.200000, 123.300000), 0.085723, 0.223647, 0
(800.300000, 165.300000), (802.700000, 167.700000), -0.025807, 0.150996, 1
(808.700000, 165.300000), (806.300000, 167.700000), -0.025807, 0.150996, 1
(800.000000, 165.000000), (809.000000, 165.000000), -0.025807, 0.150996, 1
(803.000000, 165.300000), (803.000000, 170.700000), -0.025807, 0.150996, 1
(806.000000, 165.300000), (806.000000, 170.700000), -0.025807, 0.150996, 1
(803.300000, 171.300000), (804.200000, 173.700000), -0.025807, 0.150996, 1
(805.700000, 171.300000), (804.800000, 173.700000), -0.025807, 0.150996, 1
(312.900000, 101.900000), (320.100000, 109.100000), 0.021771, 0.045451, 0
(338.100000, 101.900000), (330.900000, 109.100000), 0.021771, 0.045451, 0
(312.000000, 101.000000), (339.000000, 101.000000), 0.021771, 0.045451, 0
(321.000000, 101.900000), (321.000000, 118.100000), 0.021771, 0.045451, 0
(330.000000, 101.900000), (330.000000, 118.100000), 0.021771, 0.045451, 0
(321.900000, 119.900000), (324.600000, 127.100000), 0.021771, 0.045451, 0
(329.100000, 119.900000), (326.400000, 127.100000), 0.021771, 0.045451, 0
(775.900000, 364.900000), (783.100000, 372.100000), -0.101084, -0.136463, 0
(801.100000, 364.900000), (793.900000, 372.100000), -0.101084, -0.136463, 0
(775.000000, 364.000000), (802.000000, 364.000000), -0.101084, -0.136463, 0
(784.000000, 364.900000), (784.000000, 381.100000), -0.101084, -0.136463, 0
(793.000000, 364.900000), (793.000000, 381.100000), -0.101084, -0.136463, 0
(784.900000, 382.900000), (787.600000, 390.100000), -0.101084, -0.136463, 0
(792.100000, 382.900000), (789.400000, 390.100000), -0.101084, -0.136463, 0
(500.700000, 404.700000), (506.300000, 410.300000), 0.148276, 0.165269, 0
(520.300000, 404.700000), (514.700000, 410.300000), 0.148276, 0.165269, 0
(500.000000, 404.000000), (521.000000, 404.000000), 0.148276, 0.165269, 0
(507.000000, 404.700000), (507.000000, 417.300000), 0.148276, 0.165269, 0
(514.000000, 404.700000), (514.000000, 417.300000), 0.148276, 0.165269, 0
(507.700000, 418.700000), (509.800000, 424.300000), 0.148276, 0.165269, 0
(513.300000, 418.700000), (511.200000, 424.300000), 0.148276, 0.165269, 0
(184.100000, 478.100000), (192.900000, 486.900000), 0.002252, 0.063378, 1
(214.900000, 478.100000), (206.100000, 486.900000), 0.002252, 0.063378, 1
(183.000000, 477.000000), (216.000000, 477.000000), 0.002252, 0.063378, 1
(194.000000, 478.100000), (194.000000, 497.900000), 0.002252, 0.063378, 1
(205.000000, 478.100000), (205.000000, 497.900000), 0.002252, 0.063378, 1
(195.100000, 500.100000), (198.400000, 508.900000), 0.002252, 0.063378, 1
(203.900000, 500.100000), (200.600000, 508.900000), 0.002252, 0.063378, 1
(113.300000, 192.300000), (123.700000, 202.700000), 0.128447, -0.035399, 0
(149.700000, 192.300000), (139.300000, 202.700000), 0.128447, -0.035399, 0
(112.000000, 191.000000), (151.000000, 191.000000), 0.128447, -0.035399, 0
(125.000000, 192.300000), (125.000000, 215.700000), 0.128447, -0.035399, 0
(138.000000, 192.300000), (138.000000, 215.700000), 0.128447, -0.035399, 0
(126.300000, 218.300000), (130.200000, 228.700000), 0.128447, -0.035399, 0
(136.700000, 218.300000), (132.800000, 228.700000), 0.128447, -0.035399, 0
(884.900000, 72.900000), (908.100000, 96.100000), -0.150261, -0.083962, 1
(966.100000, 72.900000), (942.900000, 96.100000), -0.150261, -0.083962, 1
(882.000000, 70.000000), (969.000000, 70.000000), -0.150261, -0.083962, 1
(911.000000, 72.900000), (911.000000, 125.100000), -0.150261, -0.083962, 1
(940.000000, 72.900000), (940.000000, 125.100000), -0.150261, -0.083962, 1
(913.900000, 130.900000), (922.600000, 154.100000), -0.150261, -0.083962, 1
(937.100000, 130.900000), (928.400000, 154.100000), -0.150261, -0.083962, 1
(661.700000, 248.700000), (667.300000, 254.300000), -0.008357, 0.246714, 1
(681.300000, 248.700000), (675.700000, 254.300000), -0.008357, 0.246714, 1
(661.000000, 248.000000), (682.000000, 248.000000), -0.008357, 0.246714, 1
(668.000000, 248.700000), (668.000000, 261.300000), -0.008357, 0.246714, 1
(675.000000, 248.700000), (675.000000, 261.300000), -0.008357, 0.246714, 1
(668.700000, 262.700000), (670.800000, 268.300000), -0.008357, 0.246714, 1
(674.300000, 262.700000), (672.200000, 268.300000), -0.008357, 0.246714, 1
(779.900000, 363.900000), (787.100000, 371.100000), 0.178649, -0.227346, 1
(805.100000, 363.900000), (797.900000, 371.100000), 0.178649, -0.227346, 1
(779.000000, 363.000000), (806.000000, 363.000000), 0.178649, -0.227346, 1
(788.000000, 363.900000), (788.000000, 380.100000), 0.178649, -0.227346, 1
(797.000000, 363.900000), (797.000000, 380.100000), 0.178649, -0.227346, 1
(788.900000, 381.900000), (791.600000, 389.100000), 0.178649, -0.227346, 1
(796.100000, 381.900000), (793.400000, 389.100000), 0.178649, -0.227346, 1
(260.400000, 418.400000), (271.600000, 429.600000), 0.080035, 0.016710, 0
(299.600000, 418.400000), (288.400000, 429.600000), 0.080035, 0.016710, 0
(259.000000, 417.000000), (301.000000, 417.000000), 0.080035, 0.016710, 0
(273.000000, 418.400000), (273.000000, 443.600000), 0.080035, 0.016710, 0
(287.000000, 418.400000), (287.000000, 443.600000), 0.080035, 0.016710, 0
(274.400000, 446.400000), (278.600000, 457.600000), 0.080035, 0.016710, 0
(285.600000, 446.400000), (281.400000, 457.600000), 0.080035, 0.016710, 0
(688.800000, 380.800000), (711.200000, 403.200000), 0.195503, -0.106378, 0
(767.200000, 380.800000), (744.800000, 403.200000), 0.195503, -0.106378, 0
(686.000000, 378.000000), (770.000000, 378.000000), 0.195503, -0.106378, 0
(714.000000, 380.800000), (714.000000, 431.200000), 0.195503, -0.106378, 0
(742.000000, 380.800000), (742.000000, 431.200000), 0.195503, -0.106378, 0
(716.800000, 436.800000), (725.200000, 459.200000), 0.195503, -0.106378, 0
(739.200000, 436.800000), (730.800000, 459.200000), 0.195503, -0.106378, 0
(178.900000, 437.900000), (186.100000, 445.100000), 0.043574, -0.075677, 0
(204.100000, 437.900000), (196.900000, 445.100000), 0.043574, -0.075677, 0
(178.000000, 437.000000), (205.000000, 437.000000), 0.043574, -0.075677, 0
(187.000000, 437.900000), (187.000000, 454.100000), 0.043574, -0.075677, 0
(196.000000, 437.900000), (196.000000, 454.100000), 0.043574, -0.075677, 0
(187.900000, 455.900000), (190.600000, 463.100000), 0.043574, -0.075677, 0
(195.100000, 455.900000), (192.400000, 463.100000), 0.043574, -0.075677, 0
(160.100000, 263.100000), (176.900000, 279.900000), 0.018452, -0.249384, 1
(218.900000, 263.100000), (202.100000, 279.900000), 0.018452, -0.249384, 1
(158.000000, 261.000000), (221.000000, 261.000000), 0.018452, -0.249384, 1
(179.000000, 263.100000), (179.000000, 300.900000), 0.018452, -0.249384, 1
(200.000000, 263.100000), (200.000000, 300.900000), 0.018452, -0.249384, 1
(181.100000, 305.100000), (187.400000, 321.900000), 0.018452, -0.249384, 1
(197.900000, 305.100000), (191.600000, 321.900000), 0.018452, -0.249384, 1
(746.900000, 456.900000), (770.100000, 480.100000), -0.203378, 0.151544, 1
(828.100000, 456.900000), (804.900000, 480.100000), -0.203378, 0.151544, 1
(744.000000, 454.000000), (831.000000, 454.000000), -0.203378, 0.151544, 1
(773.000000, 456.900000), (773.000000, 509.100000), -0.203378, 0.151544, 1
(802.000000, 456.900000), (802.000000, 509.100000), -0.203378, 0.151544, 1
(775.900000, 514.900000), (784.600000, 538.100000), -0.203378, 0.151544, 1
(799.100000, 514.900000), (790.400000, 538.100000), -0.203378, 0.151544, 1
(570.700000, 14.700000), (584.300000, 28.300000), -0.231022, 0.210518, 1
(618.300000, 14.700000), (604.700000, 28.300000), -0.231022, 0.210518, 1
(569.000000, 13.000000), (620.000000, 13.000000), -0.231022, 0.210518, 1
(586.000000, 14.700000), (586.000000, 45.300000), -0.231022, 0.210518, 1
(603.000000, 14.700000), (603.000000, 45.300000), -0.231022, 0.210518, 1
(587.700000, 48.700000), (592.800000, 62.300000), -0.231022, 0.210518, 1
(601.300000, 48.700000), (596.200000, 62.300000), -0.231022, 0.210518, 1
(683.300000, 423.300000), (693.700000, 433.700000), 0.030055, -0.243011, 0
(719.700000, 423.300000), (709.300000, 433.700000), 0.030055, -0.243011, 0
(682.000000, 422.000000), (721.000000, 422.000000), 0.030055, -0.243011, 0
(695.000000, 423.300000), (695.000000, 446.700000), 0.030055, -0.243011, 0
(708.000000, 423.300000), (708.000000, 446.700000), 0.030055, -0.243011, 0
(696.300000, 449.300000), (700.200000, 459.700000), 0.030055, -0.243011, 0
(706.700000, 449.300000), (702.800000, 459.700000), 0.030055, -0.243011, 0
(353.500000, 213.500000), (373.500000, 233.500000), 0.007601, -0.051705, 0
(423.500000, 213.500000), (403.500000, 233.500000), 0.007601, -0.051705, 0
(351.000000, 211.000000), (426.000000, 211.000000), 0.007601, -0.051705, 0
(376.000000, 213.500000), (376.000000, 258.500000), 0.007601, -0.051705, 0
(401.000000, 213.500000), (401.000000, 258.500000), 0.007601, -0.051705, 0
(378.500000, 263.500000), (386.000000, 283.500000), 0.007601, -0.051705, 0
(398.500000, 263.500000), (391.000000, 283.500000), 0.007601, -0.051705, 0
(110.100000, 349.100000), (126.900000, 365.900000), 0.016289, 0.247228, 0
(168.900000, 349.100000), (152.100000, 365.900000), 0.016289, 0.247228, 0
(108.000000, 347.000000), (171.000000, 347.000000), 0.016289, 0.247228, 0
(129.000000, 349.100000), (129.000000, 386.900000), 0.016289, 0.247228, 0
(150.000000, 349.100000), (150.000000, 386.900000), 0.016289, 0.247228, 0
(131.100000, 391.100000), (137.400000, 407.900000), 0.016289, 0.247228, 0
(147.900000, 391.100000), (141.600000, 407.900000), 0.016289, 0.247228, 0
(434.100000, 377.100000), (434.900000, 377.900000), 0.061120, -0.212030, 1
(436.900000, 377.100000), (436.100000, 377.900000), 0.061120, -0.212030, 1
(434.000000, 377.000000), (437.000000, 377.000000), 0.061120, -0.212030, 1
(435.000000, 377.100000), (435.000000, 378.900000), 0.061120, -0.212030, 1
(436.000000, 377.100000), (436.000000, 378.900000), 0.061120, -0.212030, 1
(435.100000, 379.100000), (435.400000, 379.900000), 0.061120, -0.212030, 1
(435.900000, 379.100000), (435.600000, 379.900000), 0.061120, -0.212030, 1
(318.900000, 271.900000), (334.100000, 287.100000), -0.141577, -0.218722, 0
(372.100000, 271.900000), (356.900000, 287.100000), -0.141577, -0.218722, 0
(317.000000, 270.000000), (374.000000, 270.000000), -0.141577, -0.218722, 0
(336.000000, 271.900000), (336.000000, 306.100000), -0.141577, -0.218722, 0
(355.000000, 271.900000), (355.000000, 306.100000), -0.141577, -0.218722, 0
(337.900000, 309.900000), (343.600000, 325.100000), -0.141577, -0.218722, 0
(353.100000, 309.900000), (347.400000, 325.100000), -0.141577, -0.218722, 0
(766.200000, 302.200000), (775.800000, 311.800000), 0.137539, -0.011985, 1
(799.800000, 302.200000), (790.200000, 311.800000), 0.137539, -0.011985, 1
(765.000000, 301.000000), (801.000000, 301.000000), 0.137539, -0.011985, 1
(777.000000, 302.200000), (777.000000, 323.800000), 0.137539, -0.011985, 1
(789.000000, 302.200000), (789.000000, 323.800000), 0.137539, -0.011985, 1
(778.200000, 326.200000), (781.800000, 335.800000), 0.137539, -0.011985, 1
(787.800000, 326.200000), (784.200000, 335.800000), 0.137539, -0.011985, 1
(473.700000, 92.700000), (479.300000, 98.300000), 0.016690, 0.198592, 0
(493.300000, 92.700000), (487.700000, 98.300000), 0.016690, 0.198592, 0
(473.000000, 92.000000), (494.000000, 92.000000), 0.016690, 0.198592, 0
(480.000000, 92.700000), (480.000000, 105.300000), 0.016690, 0.198592, 0
(487.000000, 92.700000), (487.000000, 105.300000), 0.016690, 0.198592, 0
(480.700000, 106.700000), (482.800000, 112.300000), 0.016690, 0.198592, 0
(486.300000, 106.700000), (484.200000, 112.300000), 0.016690, 0.198592, 0
(796.800000, 446.800000), (811.200000, 461.200000), -0.221333, 0.061671, 0
(847.200000, 446.800000), (832.800000, 461.200000), -0.221333, 0.061671, 0
(795.000000, 445.000000), (849.000000, 445.000000), -0.221333, 0.061671, 0
(813.000000, 446.800000), (813.000000, 479.200000), -0.221333, 0.061671, 0
(831.000000, 446.800000), (831.000000, 479.200000), -0.221333, 0.061671, 0
(814.800000, 482.800000), (820.200000, 497.200000), -0.221333, 0.061671, 0
(829.200000, 482.800000), (823.800000, 497.200000), -0.221333, 0.061671, 0
(755.700000, 106.700000), (769.300000, 120.300000), -0.115643, 0.072085, 0
(803.300000, 106.700000), (789.700000, 120.300000), -0.115643, 0.072085, 0
(754.000000, 105.000000), (805.000000, 105.000000), -0.115643, 0.072085, 0
(771.000000, 106.700000), (771.000000, 137.300000), -0.115643, 0.072085, 0
(788.000000, 106.700000), (788.000000, 137.300000), -0.115643, 0.072085, 0
(772.700000, 140.700000), (777.800000, 154.300000), -0.115643, 0.072085, 0
(786.300000, 140.700000), (781.200000, 154.300000), -0.115643, 0.072085, 0
(177.100000, 319.100000), (177.900000, 319.900000), -0.024190, -0.215160, 1
(179.900000, 319.100000), (179.100000, 319.900000), -0.024190, -0.215160, 1
(177.000000, 319.000000), (180.000000, 319.000000), -0.024190, -0.215160, 1
(178.000000, 319.100000), (178.000000, 320.900000), -0.024190, -0.215160, 1
(179.000000, 319.100000), (179.000000, 320.900000), -0.024190, -0.215160, 1
(178.100000, 321.100000), (178.400000, 321.900000), -0.024190, -0.215160, 1
(178.900000, 321.100000), (178.600000, 321.900000), -0.024190, -0.215160, 1
(612.700000, 476.700000), (634.300000, 498.300000), -0.119334, 0.207566, 0
(688.300000, 476.700000), (666.700000, 498.300000), -0.119334, 0.207566, 0
(610.000000, 474.000000), (691.000000, 474.000000), -0.119334, 0.207566, 0
(637.000000, 476.700000), (637.000000, 525.300000), -0.119334, 0.207566, 0
(664.000000, 476.700000), (664.000000, 525.300000), -0.119334, 0.207566, 0
(639.700000, 530.700000), (647.800000, 552.300000), -0.119334, 0.207566, 0
(661.300000, 530.700000), (653.200000, 552.300000), -0.119334, 0.207566, 0
(676.900000, 428.900000), (700.100000, 452.100000), 0.021881, 0.153716, 1
(758.100000, 428.900000), (734.900000, 452.100000), 0.021881, 0.153716, 1
(674.000000, 426.000000), (761.000000, 426.000000), 0.021881, 0.153716, 1
(703.000000, 428.900000), (703.000000, 481.100000), 0.021881, 0.153716, 1
(732.000000, 428.900000), (732.000000, 481.100000), 0.021881, 0.153716, 1
(705.900000, 486.900000), (714.600000, 510.100000), 0.021881, 0.153716, 1
(729.100000, 486.900000), (720.400000, 510.100000), 0.021881, 0.153716, 1
(30.400000, 401.400000), (49.600000, 420.600000), 0.058453, -0.066312, 1
(97.600000, 401.400000), (78.400000, 420.600000), 0.058453, -0.066312, 1
(28.000000, 399.000000), (100.000000, 399.000000), 0.058453, -0.066312, 1
(52.000000, 401.400000), (52.000000, 444.600000), 0.058453, -0.066312, 1
(76.000000, 401.400000), (76.000000, 444.600000), 0.058453, -0.066312, 1
(54.400000, 449.400000), (61.600000, 468.600000), 0.058453, -0.066312, 1
(73.600000, 449.400000), (66.400000, 468.600000), 0.058453, -0.066312, 1
(933.700000, 469.700000), (955.300000, 491.300000), 0.224979, 0.105026, 0
(1009.300000, 469.700000), (987.700000, 491.300000), 0.224979, 0.105026, 0
(931.000000, 467.000000), (1012.000000, 467.000000), 0.224979, 0.105026, 0
(958.000000, 469.700000), (958.000000, 518.300000), 0.224979, 0.105026, 0
(985.000000, 469.700000), (985.000000, 518.300000), 0.224979, 0.105026, 0
(960.700000, 523.700000), (968.800000, 545.300000), 0.224979, 0.105026, 0
(982.300000, 523.700000), (974.200000, 545.300000), 0.224979, 0.105026, 0
(846.900000, 234.900000), (870.100000, 258.100000), -0.027132, 0.102566, 1
(928.100000, 234.900000), (904.900000, 258.100000), -0.027132, 0.102566, 1
(844.000000, 232.000000), (931.000000, 232.000000), -0.027132, 0.102566, 1
(873.000000, 234.900000), (873.000000, 287.100000), -0.027132, 0.102566, 1
(902.000000, 234.900000), (902.000000, 287.100000), -0.027132, 0.102566, 1
(875.900000, 292.900000), (884.600000, 316.100000), -0.027132, 0.102566, 1
(899.100000, 292.900000), (890.400000, 316.100000), -0.027132, 0.102566, 1
(61.800000, 27.800000), (84.200000, 50.200000), 0.112907, -0.167364, 0
(140.200000, 27.800000), (117.800000, 50.200000), 0.112907, -0.167364, 0
(59.000000, 25.000000), (143.000000, 25.000000), 0.112907, -0.167364, 0
(87.000000, 27.800000), (87.000000, 78.200000), 0.112907, -0.167364, 0
(115.000000, 27.800000), (115.000000, 78.200000), 0.112907, -0.167364, 0
(89.800000, 83.800000), (98.200000, 106.200000), 0.112907, -0.167364, 0
(112.200000, 83.800000), (103.800000, 106.200000), 0.112907, -0.167364, 0
(682.800000, 225.800000), (705.200000, 248.200000), 0.148768, 0.069930, 1
(761.200000, 225.800000), (738.800000, 248.200000), 0.148768, 0.069930, 1
(680.000000, 223.000000), (764.000000, 223.000000), 0.148768, 0.069930, 1
(708.000000, 225.800000), (708.000000, 276.200000), 0.148768, 0.069930, 1
(736.000000, 225.800000), (736.000000, 276.200000), 0.148768, 0.069930, 1
(710.800000, 281.800000), (719.200000, 304.200000), 0.148768, 0.069930, 1
(733.200000, 281.800000), (724.800000, 304.200000), 0.148768, 0.069930, 1
(350.900000, 437.900000), (366.100000, 453.100000), 0.124488, 0.092299, 0
(404.100000, 437.900000), (388.900000, 453.100000), 0.124488, 0.092299, 0
(349.000000, 436.000000), (406.000000, 436.000000), 0.124488, 0.092299, 0
(368.000000, 437.900000), (368.000000, 472.100000), 0.124488, 0.092299, 0
(387.000000, 437.900000), (387.000000, 472.100000), 0.124488, 0.092299, 0
(369.900000, 475.900000), (375.600000, 491.100000), 0.124488, 0.092299, 0
(385.100000, 475.900000), (379.400000, 491.100000), 0.124488, 0.092299, 0
(15.000000, 426.000000), (23.000000, 434.000000), 0.211447, -0.040933, 1
(43.000000, 426.000000), (35.000000, 434.000000), 0.211447, -0.040933, 1
(14.000000, 425.000000), (44.000000, 425.000000), 0.211447, -0.040933, 1
(24.000000, 426.000000), (24.000000, 444.000000), 0.211447, -0.040933, 1
(34.000000, 426.000000), (34.000000, 444.000000), 0.211447, -0.040933, 1
(25.000000, 446.000000), (28.000000, 454.000000), 0.211447, -0.040933, 1
(33.000000, 446.000000), (30.000000, 454.000000), 0.211447, -0.040933, 1
(531.400000, 194.400000), (534.600000, 197.600000), 0.162665, -0.132131, 0
(542.600000, 194.400000), (539.400000, 197.600000), 0.162665, -0.132131, 0
(531.000000, 194.000000), (543.000000, 194.000000), 0.162665, -0.132131, 0
(535.000000, 194.400000), (535.000000, 201.600000), 0.162665, -0.132131, 0
(539.000000, 194.400000), (539.000000, 201.600000), 0.162665, -0.132131, 0
(535.400000, 202.400000), (536.600000, 205.600000), 0.162665, -0.132131, 0
(538.600000, 202.400000), (537.400000, 205.600000), 0.162665, -0.132131, 0
(214.000000, 25.000000), (214.000000, 25.000000), -0.118265, 0.060872, 0
(214.000000, 25.000000), (214.000000, 25.000000), -0.118265, 0.060872, 0
(214.000000, 25.000000), (214.000000, 25.000000), -0.118265, 0.060872, 0
(214.000000, 25.000000), (214.000000, 25.000000), -0.118265, 0.060872, 0
(214.000000, 25.000000), (214.000000, 25.000000), -0.118265, 0.060872, 0
(214.000000, 25.000000), (214.000000, 25.000000), -0.118265, 0.060872, 0
(214.000000, 25.000000), (214.000000, 25.000000), -0.118265, 0.060872, 0
(953.100000, 476.100000), (969.900000, 492.900000), -0.038663, -0.175400, 0
(1011.900000, 476.100000), (995.100000, 492.900000), -0.038663, -0.175400, 0
(951.000000, 474.000000), (1014.000000, 474.000000), -0.038663, -0.175400, 0
(972.000000, 476.100000), (972.000000, 513.900000), -0.038663, -0.175400, 0
(993.000000, 476.100000), (993.000000, 513.900000), -0.038663, -0.175400, 0
(974.100000, 518.100000), (980.400000, 534.900000), -0.038663, -0.175400, 0
(990.900000, 518.100000), (984.600000, 534.900000), -0.038663, -0.175400, 0
(976.200000, 64.200000), (993.800000, 81.800000), 0.151120, 0.210046, 0
(1037.800000, 64.200000), (1020.200000, 81.800000), 0.151120, 0.210046, 0
(974.000000, 62.000000), (1040.000000, 62.000000), 0.151120, 0.210046, 0
(996.000000, 64.200000), (996.000000, 103.800000), 0.151120, 0.210046, 0
(1018.000000, 64.200000), (1018.000000, 103.800000), 0.151120, 0.210046, 0
(998.200000, 108.200000), (1004.800000, 125.800000), 0.151120, 0.210046, 0
(1015.800000, 108.200000), (1009.200000, 125.800000), 0.151120, 0.210046, 0
(135.000000, 245.000000), (151.000000, 261.000000), 0.064337, -0.098079, 1
(191.000000, 245.000000), (175.000000, 261.000000), 0.064337, -0.098079, 1
(133.000000, 243.000000), (193.000000, 243.000000), 0.064337, -0.098079, 1
(153.000000, 245.000000), (153.000000, 281.000000), 0.064337, -0.098079, 1
(173.000000, 245.000000), (173.000000, 281.000000), 0.064337, -0.098079, 1
(155.000000, 285.000000), (161.000000, 301.000000), 0.064337, -0.098079, 1
(171.000000, 285.000000), (165.000000, 301.000000), 0.064337, -0.098079, 1
