800
(37.5, 4.0), (75.0, 4.0), 0.0, 0.5, 1
(37.5, 12.0), (75.0, 12.0), 0.0, -0.5, 1
(37.5, 20.0), (75.0, 20.0), 0.0, 0.5, 1
(37.5, 28.0), (75.0, 28.0), 0.0, -0.5, 1
(37.5, 36.0), (75.0, 36.0), 0.0, 0.5, 1
(37.5, 44.0), (75.0, 44.0), 0.0, -0.5, 1
(37.5, 52.0), (75.0, 52.0), 0.0, 0.5, 1
(37.5, 60.0), (75.0, 60.0), 0.0, -0.5, 1
(37.5, 68.0), (75.0, 68.0), 0.0, 0.5, 1
(37.5, 76.0), (75.0, 76.0), 0.0, -0.5, 1
(37.5, 84.0), (75.0, 84.0), 0.0, 0.5, 1
(37.5, 92.0), (75.0, 92.0), 0.0, -0.5, 1
(37.5, 100.0), (75.0, 100.0), 0.0, 0.5, 1
(37.5, 108.0), (75.0, 108.0), 0.0, -0.5, 1
(37.5, 116.0), (75.0, 116.0), 0.0, 0.5, 1
(37.5, 124.0), (75.0, 124.0), 0.0, -0.5, 1
(37.5, 132.0), (75.0, 132.0), 0.0, 0.5, 1
(37.5, 140.0), (75.0, 140.0), 0.0, -0.5, 1
(37.5, 148.0), (75.0, 148.0), 0.0, 0.5, 1
(37.5, 156.0), (75.0, 156.0), 0.0, -0.5, 1
(37.5, 164.0), (75.0, 164.0), 0.0, 0.5, 1
(37.5, 172.0), (75.0, 172.0), 0.0, -0.5, 1
(37.5, 180.0), (75.0, 180.0), 0.0, 0.5, 1
(37.5, 188.0), (75.0, 188.0), 0.0, -0.5, 1
(37.5, 196.0), (75.0, 196.0), 0.0, 0.5, 1
(37.5, 204.0), (75.0, 204.0), 0.0, -0.5, 1
(37.5, 212.0), (75.0, 212.0), 0.0, 0.5, 1
(37.5, 220.0), (75.0, 220.0), 0.0, -0.5, 1
(37.5, 228.0), (75.0, 228.0), 0.0, 0.5, 1
(37.5, 236.0), (75.0, 236.0), 0.0, -0.5, 1
(37.5, 244.0), (75.0, 244.0), 0.0, 0.5, 1
(37.5, 252.0), (75.0, 252.0), 0.0, -0.5, 1
(37.5, 260.0), (75.0, 260.0), 0.0, 0.5, 1
(37.5, 268.0), (75.0, 268.0), 0.0, -0.5, 1
(37.5, 276.0), (75.0, 276.0), 0.0, 0.5, 1
(37.5, 284.0), (75.0, 284.0), 0.0, -0.5, 1
(37.5, 292.0), (75.0, 292.0), 0.0, 0.5, 1
(37.5, 300.0), (75.0, 300.0), 0.0, -0.5, 1
(37.5, 308.0), (75.0, 308.0), 0.0, 0.5, 1
(37.5, 316.0), (75.0, 316.0), 0.0, -0.5, 1
(37.5, 324.0), (75.0, 324.0), 0.0, 0.5, 1
(37.5, 332.0), (75.0, 332.0), 0.0, -0.5, 1
(37.5, 340.0), (75.0, 340.0), 0.0, 0.5, 1
(37.5, 348.0), (75.0, 348.0), 0.0, -0.5, 1
(37.5, 356.0), (75.0, 356.0), 0.0, 0.5, 1
(37.5, 364.0), (75.0, 364.0), 0.0, -0.5, 1
(37.5, 372.0), (75.0, 372.0), 0.0, 0.5, 1
(37.5, 380.0), (75.0, 380.0), 0.0, -0.5, 1
(37.5, 388.0), (75.0, 388.0), 0.0, 0.5, 1
(37.5, 396.0), (75.0, 396.0), 0.0, -0.5, 1
(37.5, 404.0), (75.0, 404.0), 0.0, 0.5, 1
(37.5, 412.0), (75.0, 412.0), 0.0, -0.5, 1
(37.5, 420.0), (75.0, 420.0), 0.0, 0.5, 1
(37.5, 428.0), (75.0, 428.0), 0.0, -0.5, 1
(37.5, 436.0), (75.0, 436.0), 0.0, 0.5, 1
(37.5, 444.0), (75.0, 444.0), 0.0, -0.5, 1
(37.5, 452.0), (75.0, 452.0), 0.0, 0.5, 1
(37.5, 460.0), (75.0, 460.0), 0.0, -0.5, 1
(37.5, 468.0), (75.0, 468.0), 0.0, 0.5, 1
(37.5, 476.0), (75.0, 476.0), 0.0, -0.5, 1
(37.5, 484.0), (75.0, 484.0), 0.0, 0.5, 1
(37.5, 492.0), (75.0, 492.0), 0.0, -0.5, 1
(37.5, 500.0), (75.0, 500.0), 0.0, 0.5, 1
(37.5, 508.0), (75.0, 508.0), 0.0, -0.5, 1
(37.5, 516.0), (75.0, 516.0), 0.0, 0.5, 1
(37.5, 524.0), (75.0, 524.0), 0.0, -0.5, 1
(37.5, 532.0), (75.0, 532.0), 0.0, 0.5, 1
(37.5, 540.0), (75.0, 540.0), 0.0, -0.5, 1
(37.5, 548.0), (75.0, 548.0), 0.0, 0.5, 1
(37.5, 556.0), (75.0, 556.0), 0.0, -0.5, 1
(37.5, 564.0), (75.0, 564.0), 0.0, 0.5, 1
(37.5, 572.0), (75.0, 572.0), 0.0, -0.5, 1
(37.5, 580.0), (75.0, 580.0), 0.0, 0.5, 1
(37.5, 588.0), (75.0, 588.0), 0.0, -0.5, 1
(37.5, 596.0), (75.0, 596.0), 0.0, 0.5, 1
(37.5, 604.0), (75.0, 604.0), 0.0, -0.5, 1
(37.5, 612.0), (75.0, 612.0), 0.0, 0.5, 1
(37.5, 620.0), (75.0, 620.0), 0.0, -0.5, 1
(37.5, 628.0), (75.0, 628.0), 0.0, 0.5, 1
(37.5, 636.0), (75.0, 636.0), 0.0, -0.5, 1
(37.5, 644.0), (75.0, 644.0), 0.0, 0.5, 1
(37.5, 652.0), (75.0, 652.0), 0.0, -0.5, 1
(37.5, 660.0), (75.0, 660.0), 0.0, 0.5, 1
(37.5, 668.0), (75.0, 668.0), 0.0, -0.5, 1
(37.5, 676.0), (75.0, 676.0), 0.0, 0.5, 1
(37.5, 684.0), (75.0, 684.0), 0.0, -0.5, 1
(37.5, 692.0), (75.0, 692.0), 0.0, 0.5, 1
(37.5, 700.0), (75.0, 700.0), 0.0, -0.5, 1
(37.5, 708.0), (75.0, 708.0), 0.0, 0.5, 1
(37.5, 716.0), (75.0, 716.0), 0.0, -0.5, 1
(37.5, 724.0), (75.0, 724.0), 0.0, 0.5, 1
(37.5, 732.0), (75.0, 732.0), 0.0, -0.5, 1
(37.5, 740.0), (75.0, 740.0), 0.0, 0.5, 1
(37.5, 748.0), (75.0, 748.0), 0.0, -0.5, 1
(37.5, 756.0), (75.0, 756.0), 0.0, 0.5, 1
(37.5, 764.0), (75.0, 764.0), 0.0, -0.5, 1
(37.5, 772.0), (75.0, 772.0), 0.0, 0.5, 1
(37.5, 780.0), (75.0, 780.0), 0.0, -0.5, 1
(37.5, 788.0), (75.0, 788.0), 0.0, 0.5, 1
(37.5, 796.0), (75.0, 796.0), 0.0, -0.5, 1
(187.5, 4.0), (225.0, 4.0), 0.0, 0.5, 0
(187.5, 12.0), (225.0, 12.0), 0.0, -0.5, 0
(187.5, 20.0), (225.0, 20.0), 0.0, 0.5, 0
(187.5, 28.0), (225.0, 28.0), 0.0, -0.5, 0
(187.5, 36.0), (225.0, 36.0), 0.0, 0.5, 0
(187.5, 44.0), (225.0, 44.0), 0.0, -0.5, 0
(187.5, 52.0), (225.0, 52.0), 0.0, 0.5, 0
(187.5, 60.0), (225.0, 60.0), 0.0, -0.5, 0
(187.5, 68.0), (225.0, 68.0), 0.0, 0.5, 0
(187.5, 76.0), (225.0, 76.0), 0.0, -0.5, 0
(187.5, 84.0), (225.0, 84.0), 0.0, 0.5, 0
(187.5, 92.0), (225.0, 92.0), 0.0, -0.5, 0
(187.5, 100.0), (225.0, 100.0), 0.0, 0.5, 0
(187.5, 108.0), (225.0, 108.0), 0.0, -0.5, 0
(187.5, 116.0), (225.0, 116.0), 0.0, 0.5, 0
(187.5, 124.0), (225.0, 124.0), 0.0, -0.5, 0
(187.5, 132.0), (225.0, 132.0), 0.0, 0.5, 0
(187.5, 140.0), (225.0, 140.0), 0.0, -0.5, 0
(187.5, 148.0), (225.0, 148.0), 0.0, 0.5, 0
(187.5, 156.0), (225.0, 156.0), 0.0, -0.5, 0
(187.5, 164.0), (225.0, 164.0), 0.0, 0.5, 0
(187.5, 172.0), (225.0, 172.0), 0.0, -0.5, 0
(187.5, 180.0), (225.0, 180.0), 0.0, 0.5, 0
(187.5, 188.0), (225.0, 188.0), 0.0, -0.5, 0
(187.5, 196.0), (225.0, 196.0), 0.0, 0.5, 0
(187.5, 204.0), (225.0, 204.0), 0.0, -0.5, 0
(187.5, 212.0), (225.0, 212.0), 0.0, 0.5, 0
(187.5, 220.0), (225.0, 220.0), 0.0, -0.5, 0
(187.5, 228.0), (225.0, 228.0), 0.0, 0.5, 0
(187.5, 236.0), (225.0, 236.0), 0.0, -0.5, 0
(187.5, 244.0), (225.0, 244.0), 0.0, 0.5, 0
(187.5, 252.0), (225.0, 252.0), 0.0, -0.5, 0
(187.5, 260.0), (225.0, 260.0), 0.0, 0.5, 0
(187.5, 268.0), (225.0, 268.0), 0.0, -0.5, 0
(187.5, 276.0), (225.0, 276.0), 0.0, 0.5, 0
(187.5, 284.0), (225.0, 284.0), 0.0, -0.5, 0
(187.5, 292.0), (225.0, 292.0), 0.0, 0.5, 0
(187.5, 300.0), (225.0, 300.0), 0.0, -0.5, 0
(187.5, 308.0), (225.0, 308.0), 0.0, 0.5, 0
(187.5, 316.0), (225.0, 316.0), 0.0, -0.5, 0
(187.5, 324.0), (225.0, 324.0), 0.0, 0.5, 0
(187.5, 332.0), (225.0, 332.0), 0.0, -0.5, 0
(187.5, 340.0), (225.0, 340.0), 0.0, 0.5, 0
(187.5, 348.0), (225.0, 348.0), 0.0, -0.5, 0
(187.5, 356.0), (225.0, 356.0), 0.0, 0.5, 0
(187.5, 364.0), (225.0, 364.0), 0.0, -0.5, 0
(187.5, 372.0), (225.0, 372.0), 0.0, 0.5, 0
(187.5, 380.0), (225.0, 380.0), 0.0, -0.5, 0
(187.5, 388.0), (225.0, 388.0), 0.0, 0.5, 0
(187.5, 396.0), (225.0, 396.0), 0.0, -0.5, 0
(187.5, 404.0), (225.0, 404.0), 0.0, 0.5, 0
(187.5, 412.0), (225.0, 412.0), 0.0, -0.5, 0
(187.5, 420.0), (225.0, 420.0), 0.0, 0.5, 0
(187.5, 428.0), (225.0, 428.0), 0.0, -0.5, 0
(187.5, 436.0), (225.0, 436.0), 0.0, 0.5, 0
(187.5, 444.0), (225.0, 444.0), 0.0, -0.5, 0
(187.5, 452.0), (225.0, 452.0), 0.0, 0.5, 0
(187.5, 460.0), (225.0, 460.0), 0.0, -0.5, 0
(187.5, 468.0), (225.0, 468.0), 0.0, 0.5, 0
(187.5, 476.0), (225.0, 476.0), 0.0, -0.5, 0
(187.5, 484.0), (225.0, 484.0), 0.0, 0.5, 0
(187.5, 492.0), (225.0, 492.0), 0.0, -0.5, 0
(187.5, 500.0), (225.0, 500.0), 0.0, 0.5, 0
(187.5, 508.0), (225.0, 508.0), 0.0, -0.5, 0
(187.5, 516.0), (225.0, 516.0), 0.0, 0.5, 0
(187.5, 524.0), (225.0, 524.0), 0.0, -0.5, 0
(187.5, 532.0), (225.0, 532.0), 0.0, 0.5, 0
(187.5, 540.0), (225.0, 540.0), 0.0, -0.5, 0
(187.5, 548.0), (225.0, 548.0), 0.0, 0.5, 0
(187.5, 556.0), (225.0, 556.0), 0.0, -0.5, 0
(187.5, 564.0), (225.0, 564.0), 0.0, 0.5, 0
(187.5, 572.0), (225.0, 572.0), 0.0, -0.5, 0
(187.5, 580.0), (225.0, 580.0), 0.0, 0.5, 0
(187.5, 588.0), (225.0, 588.0), 0.0, -0.5, 0
(187.5, 596.0), (225.0, 596.0), 0.0, 0.5, 0
(187.5, 604.0), (225.0, 604.0), 0.0, -0.5, 0
(187.5, 612.0), (225.0, 612.0), 0.0, 0.5, 0
(187.5, 620.0), (225.0, 620.0), 0.0, -0.5, 0
(187.5, 628.0), (225.0, 628.0), 0.0, 0.5, 0
(187.5, 636.0), (225.0, 636.0), 0.0, -0.5, 0
(187.5, 644.0), (225.0, 644.0), 0.0, 0.5, 0
(187.5, 652.0), (225.0, 652.0), 0.0, -0.5, 0
(187.5, 660.0), (225.0, 660.0), 0.0, 0.5, 0
(187.5, 668.0), (225.0, 668.0), 0.0, -0.5, 0
(187.5, 676.0), (225.0, 676.0), 0.0, 0.5, 0
(187.5, 684.0), (225.0, 684.0), 0.0, -0.5, 0
(187.5, 692.0), (225.0, 692.0), 0.0, 0.5, 0
(187.5, 700.0), (225.0, 700.0), 0.0, -0.5, 0
(187.5, 708.0), (225.0, 708.0), 0.0, 0.5, 0
(187.5, 716.0), (225.0, 716.0), 0.0, -0.5, 0
(187.5, 724.0), (225.0, 724.0), 0.0, 0.5, 0
(187.5, 732.0), (225.0, 732.0), 0.0, -0.5, 0
(187.5, 740.0), (225.0, 740.0), 0.0, 0.5, 0
(187.5, 748.0), (225.0, 748.0), 0.0, -0.5, 0
(187.5, 756.0), (225.0, 756.0), 0.0, 0.5, 0
(187.5, 764.0), (225.0, 764.0), 0.0, -0.5, 0
(187.5, 772.0), (225.0, 772.0), 0.0, 0.5, 0
(187.5, 780.0), (225.0, 780.0), 0.0, -0.5, 0
(187.5, 788.0), (225.0, 788.0), 0.0, 0.5, 0
(187.5, 796.0), (225.0, 796.0), 0.0, -0.5, 0
(337.5, 4.0), (375.0, 4.0), 0.0, 0.5, 1
(337.5, 12.0), (375.0, 12.0), 0.0, -0.5, 1
(337.5, 20.0), (375.0, 20.0), 0.0, 0.5, 1
(337.5, 28.0), (375.0, 28.0), 0.0, -0.5, 1
(337.5, 36.0), (375.0, 36.0), 0.0, 0.5, 1
(337.5, 44.0), (375.0, 44.0), 0.0, -0.5, 1
(337.5, 52.0), (375.0, 52.0), 0.0, 0.5, 1
(337.5, 60.0), (375.0, 60.0), 0.0, -0.5, 1
(337.5, 68.0), (375.0, 68.0), 0.0, 0.5, 1
(337.5, 76.0), (375.0, 76.0), 0.0, -0.5, 1
(337.5, 84.0), (375.0, 84.0), 0.0, 0.5, 1
(337.5, 92.0), (375.0, 92.0), 0.0, -0.5, 1
(337.5, 100.0), (375.0, 100.0), 0.0, 0.5, 1
(337.5, 108.0), (375.0, 108.0), 0.0, -0.5, 1
(337.5, 116.0), (375.0, 116.0), 0.0, 0.5, 1
(337.5, 124.0), (375.0, 124.0), 0.0, -0.5, 1
(337.5, 132.0), (375.0, 132.0), 0.0, 0.5, 1
(337.5, 140.0), (375.0, 140.0), 0.0, -0.5, 1
(337.5, 148.0), (375.0, 148.0), 0.0, 0.5, 1
(337.5, 156.0), (375.0, 156.0), 0.0, -0.5, 1
(337.5, 164.0), (375.0, 164.0), 0.0, 0.5, 1
(337.5, 172.0), (375.0, 172.0), 0.0, -0.5, 1
(337.5, 180.0), (375.0, 180.0), 0.0, 0.5, 1
(337.5, 188.0), (375.0, 188.0), 0.0, -0.5, 1
(337.5, 196.0), (375.0, 196.0), 0.0, 0.5, 1
(337.5, 204.0), (375.0, 204.0), 0.0, -0.5, 1
(337.5, 212.0), (375.0, 212.0), 0.0, 0.5, 1
(337.5, 220.0), (375.0, 220.0), 0.0, -0.5, 1
(337.5, 228.0), (375.0, 228.0), 0.0, 0.5, 1
(337.5, 236.0), (375.0, 236.0), 0.0, -0.5, 1
(337.5, 244.0), (375.0, 244.0), 0.0, 0.5, 1
(337.5, 252.0), (375.0, 252.0), 0.0, -0.5, 1
(337.5, 260.0), (375.0, 260.0), 0.0, 0.5, 1
(337.5, 268.0), (375.0, 268.0), 0.0, -0.5, 1
(337.5, 276.0), (375.0, 276.0), 0.0, 0.5, 1
(337.5, 284.0), (375.0, 284.0), 0.0, -0.5, 1
(337.5, 292.0), (375.0, 292.0), 0.0, 0.5, 1
(337.5, 300.0), (375.0, 300.0), 0.0, -0.5, 1
(337.5, 308.0), (375.0, 308.0), 0.0, 0.5, 1
(337.5, 316.0), (375.0, 316.0), 0.0, -0.5, 1
(337.5, 324.0), (375.0, 324.0), 0.0, 0.5, 1
(337.5, 332.0), (375.0, 332.0), 0.0, -0.5, 1
(337.5, 340.0), (375.0, 340.0), 0.0, 0.5, 1
(337.5, 348.0), (375.0, 348.0), 0.0, -0.5, 1
(337.5, 356.0), (375.0, 356.0), 0.0, 0.5, 1
(337.5, 364.0), (375.0, 364.0), 0.0, -0.5, 1
(337.5, 372.0), (375.0, 372.0), 0.0, 0.5, 1
(337.5, 380.0), (375.0, 380.0), 0.0, -0.5, 1
(337.5, 388.0), (375.0, 388.0), 0.0, 0.5, 1
(337.5, 396.0), (375.0, 396.0), 0.0, -0.5, 1
(337.5, 404.0), (375.0, 404.0), 0.0, 0.5, 1
(337.5, 412.0), (375.0, 412.0), 0.0, -0.5, 1
(337.5, 420.0), (375.0, 420.0), 0.0, 0.5, 1
(337.5, 428.0), (375.0, 428.0), 0.0, -0.5, 1
(337.5, 436.0), (375.0, 436.0), 0.0, 0.5, 1
(337.5, 444.0), (375.0, 444.0), 0.0, -0.5, 1
(337.5, 452.0), (375.0, 452.0), 0.0, 0.5, 1
(337.5, 460.0), (375.0, 460.0), 0.0, -0.5, 1
(337.5, 468.0), (375.0, 468.0), 0.0, 0.5, 1
(337.5, 476.0), (375.0, 476.0), 0.0, -0.5, 1
(337.5, 484.0), (375.0, 484.0), 0.0, 0.5, 1
(337.5, 492.0), (375.0, 492.0), 0.0, -0.5, 1
(337.5, 500.0), (375.0, 500.0), 0.0, 0.5, 1
(337.5, 508.0), (375.0, 508.0), 0.0, -0.5, 1
(337.5, 516.0), (375.0, 516.0), 0.0, 0.5, 1
(337.5, 524.0), (375.0, 524.0), 0.0, -0.5, 1
(337.5, 532.0), (375.0, 532.0), 0.0, 0.5, 1
(337.5, 540.0), (375.0, 540.0), 0.0, -0.5, 1
(337.5, 548.0), (375.0, 548.0), 0.0, 0.5, 1
(337.5, 556.0), (375.0, 556.0), 0.0, -0.5, 1
(337.5, 564.0), (375.0, 564.0), 0.0, 0.5, 1
(337.5, 572.0), (375.0, 572.0), 0.0, -0.5, 1
(337.5, 580.0), (375.0, 580.0), 0.0, 0.5, 1
(337.5, 588.0), (375.0, 588.0), 0.0, -0.5, 1
(337.5, 596.0), (375.0, 596.0), 0.0, 0.5, 1
(337.5, 604.0), (375.0, 604.0), 0.0, -0.5, 1
(337.5, 612.0), (375.0, 612.0), 0.0, 0.5, 1
(337.5, 620.0), (375.0, 620.0), 0.0, -0.5, 1
(337.5, 628.0), (375.0, 628.0), 0.0, 0.5, 1
(337.5, 636.0), (375.0, 636.0), 0.0, -0.5, 1
(337.5, 644.0), (375.0, 644.0), 0.0, 0.5, 1
(337.5, 652.0), (375.0, 652.0), 0.0, -0.5, 1
(337.5, 660.0), (375.0, 660.0), 0.0, 0.5, 1
(337.5, 668.0), (375.0, 668.0), 0.0, -0.5, 1
(337.5, 676.0), (375.0, 676.0), 0.0, 0.5, 1
(337.5, 684.0), (375.0, 684.0), 0.0, -0.5, 1
(337.5, 692.0), (375.0, 692.0), 0.0, 0.5, 1
(337.5, 700.0), (375.0, 700.0), 0.0, -0.5, 1
(337.5, 708.0), (375.0, 708.0), 0.0, 0.5, 1
(337.5, 716.0), (375.0, 716.0), 0.0, -0.5, 1
(337.5, 724.0), (375.0, 724.0), 0.0, 0.5, 1
(337.5, 732.0), (375.0, 732.0), 0.0, -0.5, 1
(337.5, 740.0), (375.0, 740.0), 0.0, 0.5, 1
(337.5, 748.0), (375.0, 748.0), 0.0, -0.5, 1
(337.5, 756.0), (375.0, 756.0), 0.0, 0.5, 1
(337.5, 764.0), (375.0, 764.0), 0.0, -0.5, 1
(337.5, 772.0), (375.0, 772.0), 0.0, 0.5, 1
(337.5, 780.0), (375.0, 780.0), 0.0, -0.5, 1
(337.5, 788.0), (375.0, 788.0), 0.0, 0.5, 1
(337.5, 796.0), (375.0, 796.0), 0.0, -0.5, 1
(487.5, 4.0), (525.0, 4.0), 0.0, 0.5, 0
(487.5, 12.0), (525.0, 12.0), 0.0, -0.5, 0
(487.5, 20.0), (525.0, 20.0), 0.0, 0.5, 0
(487.5, 28.0), (525.0, 28.0), 0.0, -0.5, 0
(487.5, 36.0), (525.0, 36.0), 0.0, 0.5, 0
(487.5, 44.0), (525.0, 44.0), 0.0, -0.5, 0
(487.5, 52.0), (525.0, 52.0), 0.0, 0.5, 0
(487.5, 60.0), (525.0, 60.0), 0.0, -0.5, 0
(487.5, 68.0), (525.0, 68.0), 0.0, 0.5, 0
(487.5, 76.0), (525.0, 76.0), 0.0, -0.5, 0
(487.5, 84.0), (525.0, 84.0), 0.0, 0.5, 0
(487.5, 92.0), (525.0, 92.0), 0.0, -0.5, 0
(487.5, 100.0), (525.0, 100.0), 0.0, 0.5, 0
(487.5, 108.0), (525.0, 108.0), 0.0, -0.5, 0
(487.5, 116.0), (525.0, 116.0), 0.0, 0.5, 0
(487.5, 124.0), (525.0, 124.0), 0.0, -0.5, 0
(487.5, 132.0), (525.0, 132.0), 0.0, 0.5, 0
(487.5, 140.0), (525.0, 140.0), 0.0, -0.5, 0
(487.5, 148.0), (525.0, 148.0), 0.0, 0.5, 0
(487.5, 156.0), (525.0, 156.0), 0.0, -0.5, 0
(487.5, 164.0), (525.0, 164.0), 0.0, 0.5, 0
(487.5, 172.0), (525.0, 172.0), 0.0, -0.5, 0
(487.5, 180.0), (525.0, 180.0), 0.0, 0.5, 0
(487.5, 188.0), (525.0, 188.0), 0.0, -0.5, 0
(487.5, 196.0), (525.0, 196.0), 0.0, 0.5, 0
(487.5, 204.0), (525.0, 204.0), 0.0, -0.5, 0
(487.5, 212.0), (525.0, 212.0), 0.0, 0.5, 0
(487.5, 220.0), (525.0, 220.0), 0.0, -0.5, 0
(487.5, 228.0), (525.0, 228.0), 0.0, 0.5, 0
(487.5, 236.0), (525.0, 236.0), 0.0, -0.5, 0
(487.5, 244.0), (525.0, 244.0), 0.0, 0.5, 0
(487.5, 252.0), (525.0, 252.0), 0.0, -0.5, 0
(487.5, 260.0), (525.0, 260.0), 0.0, 0.5, 0
(487.5, 268.0), (525.0, 268.0), 0.0, -0.5, 0
(487.5, 276.0), (525.0, 276.0), 0.0, 0.5, 0
(487.5, 284.0), (525.0, 284.0), 0.0, -0.5, 0
(487.5, 292.0), (525.0, 292.0), 0.0, 0.5, 0
(487.5, 300.0), (525.0, 300.0), 0.0, -0.5, 0
(487.5, 308.0), (525.0, 308.0), 0.0, 0.5, 0
(487.5, 316.0), (525.0, 316.0), 0.0, -0.5, 0
(487.5, 324.0), (525.0, 324.0), 0.0, 0.5, 0
(487.5, 332.0), (525.0, 332.0), 0.0, -0.5, 0
(487.5, 340.0), (525.0, 340.0), 0.0, 0.5, 0
(487.5, 348.0), (525.0, 348.0), 0.0, -0.5, 0
(487.5, 356.0), (525.0, 356.0), 0.0, 0.5, 0
(487.5, 364.0), (525.0, 364.0), 0.0, -0.5, 0
(487.5, 372.0), (525.0, 372.0), 0.0, 0.5, 0
(487.5, 380.0), (525.0, 380.0), 0.0, -0.5, 0
(487.5, 388.0), (525.0, 388.0), 0.0, 0.5, 0
(487.5, 396.0), (525.0, 396.0), 0.0, -0.5, 0
(487.5, 404.0), (525.0, 404.0), 0.0, 0.5, 0
(487.5, 412.0), (525.0, 412.0), 0.0, -0.5, 0
(487.5, 420.0), (525.0, 420.0), 0.0, 0.5, 0
(487.5, 428.0), (525.0, 428.0), 0.0, -0.5, 0
(487.5, 436.0), (525.0, 436.0), 0.0, 0.5, 0
(487.5, 444.0), (525.0, 444.0), 0.0, -0.5, 0
(487.5, 452.0), (525.0, 452.0), 0.0, 0.5, 0
(487.5, 460.0), (525.0, 460.0), 0.0, -0.5, 0
(487.5, 468.0), (525.0, 468.0), 0.0, 0.5, 0
(487.5, 476.0), (525.0, 476.0), 0.0, -0.5, 0
(487.5, 484.0), (525.0, 484.0), 0.0, 0.5, 0
(487.5, 492.0), (525.0, 492.0), 0.0, -0.5, 0
(487.5, 500.0), (525.0, 500.0), 0.0, 0.5, 0
(487.5, 508.0), (525.0, 508.0), 0.0, -0.5, 0
(487.5, 516.0), (525.0, 516.0), 0.0, 0.5, 0
(487.5, 524.0), (525.0, 524.0), 0.0, -0.5, 0
(487.5, 532.0), (525.0, 532.0), 0.0, 0.5, 0
(487.5, 540.0), (525.0, 540.0), 0.0, -0.5, 0
(487.5, 548.0), (525.0, 548.0), 0.0, 0.5, 0
(487.5, 556.0), (525.0, 556.0), 0.0, -0.5, 0
(487.5, 564.0), (525.0, 564.0), 0.0, 0.5, 0
(487.5, 572.0), (525.0, 572.0), 0.0, -0.5, 0
(487.5, 580.0), (525.0, 580.0), 0.0, 0.5, 0
(487.5, 588.0), (525.0, 588.0), 0.0, -0.5, 0
(487.5, 596.0), (525.0, 596.0), 0.0, 0.5, 0
(487.5, 604.0), (525.0, 604.0), 0.0, -0.5, 0
(487.5, 612.0), (525.0, 612.0), 0.0, 0.5, 0
(487.5, 620.0), (525.0, 620.0), 0.0, -0.5, 0
(487.5, 628.0), (525.0, 628.0), 0.0, 0.5, 0
(487.5, 636.0), (525.0, 636.0), 0.0, -0.5, 0
(487.5, 644.0), (525.0, 644.0), 0.0, 0.5, 0
(487.5, 652.0), (525.0, 652.0), 0.0, -0.5, 0
(487.5, 660.0), (525.0, 660.0), 0.0, 0.5, 0
(487.5, 668.0), (525.0, 668.0), 0.0, -0.5, 0
(487.5, 676.0), (525.0, 676.0), 0.0, 0.5, 0
(487.5, 684.0), (525.0, 684.0), 0.0, -0.5, 0
(487.5, 692.0), (525.0, 692.0), 0.0, 0.5, 0
(487.5, 700.0), (525.0, 700.0), 0.0, -0.5, 0
(487.5, 708.0), (525.0, 708.0), 0.0, 0.5, 0
(487.5, 716.0), (525.0, 716.0), 0.0, -0.5, 0
(487.5, 724.0), (525.0, 724.0), 0.0, 0.5, 0
(487.5, 732.0), (525.0, 732.0), 0.0, -0.5, 0
(487.5, 740.0), (525.0, 740.0), 0.0, 0.5, 0
(487.5, 748.0), (525.0, 748.0), 0.0, -0.5, 0
(487.5, 756.0), (525.0, 756.0), 0.0, 0.5, 0
(487.5, 764.0), (525.0, 764.0), 0.0, -0.5, 0
(487.5, 772.0), (525.0, 772.0), 0.0, 0.5, 0
(487.5, 780.0), (525.0, 780.0), 0.0, -0.5, 0
(487.5, 788.0), (525.0, 788.0), 0.0, 0.5, 0
(487.5, 796.0), (525.0, 796.0), 0.0, -0.5, 0
(637.5, 4.0), (675.0, 4.0), 0.0, 0.5, 1
(637.5, 12.0), (675.0, 12.0), 0.0, -0.5, 1
(637.5, 20.0), (675.0, 20.0), 0.0, 0.5, 1
(637.5, 28.0), (675.0, 28.0), 0.0, -0.5, 1
(637.5, 36.0), (675.0, 36.0), 0.0, 0.5, 1
(637.5, 44.0), (675.0, 44.0), 0.0, -0.5, 1
(637.5, 52.0), (675.0, 52.0), 0.0, 0.5, 1
(637.5, 60.0), (675.0, 60.0), 0.0, -0.5, 1
(637.5, 68.0), (675.0, 68.0), 0.0, 0.5, 1
(637.5, 76.0), (675.0, 76.0), 0.0, -0.5, 1
(637.5, 84.0), (675.0, 84.0), 0.0, 0.5, 1
(637.5, 92.0), (675.0, 92.0), 0.0, -0.5, 1
(637.5, 100.0), (675.0, 100.0), 0.0, 0.5, 1
(637.5, 108.0), (675.0, 108.0), 0.0, -0.5, 1
(637.5, 116.0), (675.0, 116.0), 0.0, 0.5, 1
(637.5, 124.0), (675.0, 124.0), 0.0, -0.5, 1
(637.5, 132.0), (675.0, 132.0), 0.0, 0.5, 1
(637.5, 140.0), (675.0, 140.0), 0.0, -0.5, 1
(637.5, 148.0), (675.0, 148.0), 0.0, 0.5, 1
(637.5, 156.0), (675.0, 156.0), 0.0, -0.5, 1
(637.5, 164.0), (675.0, 164.0), 0.0, 0.5, 1
(637.5, 172.0), (675.0, 172.0), 0.0, -0.5, 1
(637.5, 180.0), (675.0, 180.0), 0.0, 0.5, 1
(637.5, 188.0), (675.0, 188.0), 0.0, -0.5, 1
(637.5, 196.0), (675.0, 196.0), 0.0, 0.5, 1
(637.5, 204.0), (675.0, 204.0), 0.0, -0.5, 1
(637.5, 212.0), (675.0, 212.0), 0.0, 0.5, 1
(637.5, 220.0), (675.0, 220.0), 0.0, -0.5, 1
(637.5, 228.0), (675.0, 228.0), 0.0, 0.5, 1
(637.5, 236.0), (675.0, 236.0), 0.0, -0.5, 1
(637.5, 244.0), (675.0, 244.0), 0.0, 0.5, 1
(637.5, 252.0), (675.0, 252.0), 0.0, -0.5, 1
(637.5, 260.0), (675.0, 260.0), 0.0, 0.5, 1
(637.5, 268.0), (675.0, 268.0), 0.0, -0.5, 1
(637.5, 276.0), (675.0, 276.0), 0.0, 0.5, 1
(637.5, 284.0), (675.0, 284.0), 0.0, -0.5, 1
(637.5, 292.0), (675.0, 292.0), 0.0, 0.5, 1
(637.5, 300.0), (675.0, 300.0), 0.0, -0.5, 1
(637.5, 308.0), (675.0, 308.0), 0.0, 0.5, 1
(637.5, 316.0), (675.0, 316.0), 0.0, -0.5, 1
(637.5, 324.0), (675.0, 324.0), 0.0, 0.5, 1
(637.5, 332.0), (675.0, 332.0), 0.0, -0.5, 1
(637.5, 340.0), (675.0, 340.0), 0.0, 0.5, 1
(637.5, 348.0), (675.0, 348.0), 0.0, -0.5, 1
(637.5, 356.0), (675.0, 356.0), 0.0, 0.5, 1
(637.5, 364.0), (675.0, 364.0), 0.0, -0.5, 1
(637.5, 372.0), (675.0, 372.0), 0.0, 0.5, 1
(637.5, 380.0), (675.0, 380.0), 0.0, -0.5, 1
(637.5, 388.0), (675.0, 388.0), 0.0, 0.5, 1
(637.5, 396.0), (675.0, 396.0), 0.0, -0.5, 1
(637.5, 404.0), (675.0, 404.0), 0.0, 0.5, 1
(637.5, 412.0), (675.0, 412.0), 0.0, -0.5, 1
(637.5, 420.0), (675.0, 420.0), 0.0, 0.5, 1
(637.5, 428.0), (675.0, 428.0), 0.0, -0.5, 1
(637.5, 436.0), (675.0, 436.0), 0.0, 0.5, 1
(637.5, 444.0), (675.0, 444.0), 0.0, -0.5, 1
(637.5, 452.0), (675.0, 452.0), 0.0, 0.5, 1
(637.5, 460.0), (675.0, 460.0), 0.0, -0.5, 1
(637.5, 468.0), (675.0, 468.0), 0.0, 0.5, 1
(637.5, 476.0), (675.0, 476.0), 0.0, -0.5, 1
(637.5, 484.0), (675.0, 484.0), 0.0, 0.5, 1
(637.5, 492.0), (675.0, 492.0), 0.0, -0.5, 1
(637.5, 500.0), (675.0, 500.0), 0.0, 0.5, 1
(637.5, 508.0), (675.0, 508.0), 0.0, -0.5, 1
(637.5, 516.0), (675.0, 516.0), 0.0, 0.5, 1
(637.5, 524.0), (675.0, 524.0), 0.0, -0.5, 1
(637.5, 532.0), (675.0, 532.0), 0.0, 0.5, 1
(637.5, 540.0), (675.0, 540.0), 0.0, -0.5, 1
(637.5, 548.0), (675.0, 548.0), 0.0, 0.5, 1
(637.5, 556.0), (675.0, 556.0), 0.0, -0.5, 1
(637.5, 564.0), (675.0, 564.0), 0.0, 0.5, 1
(637.5, 572.0), (675.0, 572.0), 0.0, -0.5, 1
(637.5, 580.0), (675.0, 580.0), 0.0, 0.5, 1
(637.5, 588.0), (675.0, 588.0), 0.0, -0.5, 1
(637.5, 596.0), (675.0, 596.0), 0.0, 0.5, 1
(637.5, 604.0), (675.0, 604.0), 0.0, -0.5, 1
(637.5, 612.0), (675.0, 612.0), 0.0, 0.5, 1
(637.5, 620.0), (675.0, 620.0), 0.0, -0.5, 1
(637.5, 628.0), (675.0, 628.0), 0.0, 0.5, 1
(637.5, 636.0), (675.0, 636.0), 0.0, -0.5, 1
(637.5, 644.0), (675.0, 644.0), 0.0, 0.5, 1
(637.5, 652.0), (675.0, 652.0), 0.0, -0.5, 1
(637.5, 660.0), (675.0, 660.0), 0.0, 0.5, 1
(637.5, 668.0), (675.0, 668.0), 0.0, -0.5, 1
(637.5, 676.0), (675.0, 676.0), 0.0, 0.5, 1
(637.5, 684.0), (675.0, 684.0), 0.0, -0.5, 1
(637.5, 692.0), (675.0, 692.0), 0.0, 0.5, 1
(637.5, 700.0), (675.0, 700.0), 0.0, -0.5, 1
(637.5, 708.0), (675.0, 708.0), 0.0, 0.5, 1
(637.5, 716.0), (675.0, 716.0), 0.0, -0.5, 1
(637.5, 724.0), (675.0, 724.0), 0.0, 0.5, 1
(637.5, 732.0), (675.0, 732.0), 0.0, -0.5, 1
(637.5, 740.0), (675.0, 740.0), 0.0, 0.5, 1
(637.5, 748.0), (675.0, 748.0), 0.0, -0.5, 1
(637.5, 756.0), (675.0, 756.0), 0.0, 0.5, 1
(637.5, 764.0), (675.0, 764.0), 0.0, -0.5, 1
(637.5, 772.0), (675.0, 772.0), 0.0, 0.5, 1
(637.5, 780.0), (675.0, 780.0), 0.0, -0.5, 1
(637.5, 788.0), (675.0, 788.0), 0.0, 0.5, 1
(637.5, 796.0), (675.0, 796.0), 0.0, -0.5, 1
(787.5, 4.0), (825.0, 4.0), 0.0, 0.5, 0
(787.5, 12.0), (825.0, 12.0), 0.0, -0.5, 0
(787.5, 20.0), (825.0, 20.0), 0.0, 0.5, 0
(787.5, 28.0), (825.0, 28.0), 0.0, -0.5, 0
(787.5, 36.0), (825.0, 36.0), 0.0, 0.5, 0
(787.5, 44.0), (825.0, 44.0), 0.0, -0.5, 0
(787.5, 52.0), (825.0, 52.0), 0.0, 0.5, 0
(787.5, 60.0), (825.0, 60.0), 0.0, -0.5, 0
(787.5, 68.0), (825.0, 68.0), 0.0, 0.5, 0
(787.5, 76.0), (825.0, 76.0), 0.0, -0.5, 0
(787.5, 84.0), (825.0, 84.0), 0.0, 0.5, 0
(787.5, 92.0), (825.0, 92.0), 0.0, -0.5, 0
(787.5, 100.0), (825.0, 100.0), 0.0, 0.5, 0
(787.5, 108.0), (825.0, 108.0), 0.0, -0.5, 0
(787.5, 116.0), (825.0, 116.0), 0.0, 0.5, 0
(787.5, 124.0), (825.0, 124.0), 0.0, -0.5, 0
(787.5, 132.0), (825.0, 132.0), 0.0, 0.5, 0
(787.5, 140.0), (825.0, 140.0), 0.0, -0.5, 0
(787.5, 148.0), (825.0, 148.0), 0.0, 0.5, 0
(787.5, 156.0), (825.0, 156.0), 0.0, -0.5, 0
(787.5, 164.0), (825.0, 164.0), 0.0, 0.5, 0
(787.5, 172.0), (825.0, 172.0), 0.0, -0.5, 0
(787.5, 180.0), (825.0, 180.0), 0.0, 0.5, 0
(787.5, 188.0), (825.0, 188.0), 0.0, -0.5, 0
(787.5, 196.0), (825.0, 196.0), 0.0, 0.5, 0
(787.5, 204.0), (825.0, 204.0), 0.0, -0.5, 0
(787.5, 212.0), (825.0, 212.0), 0.0, 0.5, 0
(787.5, 220.0), (825.0, 220.0), 0.0, -0.5, 0
(787.5, 228.0), (825.0, 228.0), 0.0, 0.5, 0
(787.5, 236.0), (825.0, 236.0), 0.0, -0.5, 0
(787.5, 244.0), (825.0, 244.0), 0.0, 0.5, 0
(787.5, 252.0), (825.0, 252.0), 0.0, -0.5, 0
(787.5, 260.0), (825.0, 260.0), 0.0, 0.5, 0
(787.5, 268.0), (825.0, 268.0), 0.0, -0.5, 0
(787.5, 276.0), (825.0, 276.0), 0.0, 0.5, 0
(787.5, 284.0), (825.0, 284.0), 0.0, -0.5, 0
(787.5, 292.0), (825.0, 292.0), 0.0, 0.5, 0
(787.5, 300.0), (825.0, 300.0), 0.0, -0.5, 0
(787.5, 308.0), (825.0, 308.0), 0.0, 0.5, 0
(787.5, 316.0), (825.0, 316.0), 0.0, -0.5, 0
(787.5, 324.0), (825.0, 324.0), 0.0, 0.5, 0
(787.5, 332.0), (825.0, 332.0), 0.0, -0.5, 0
(787.5, 340.0), (825.0, 340.0), 0.0, 0.5, 0
(787.5, 348.0), (825.0, 348.0), 0.0, -0.5, 0
(787.5, 356.0), (825.0, 356.0), 0.0, 0.5, 0
(787.5, 364.0), (825.0, 364.0), 0.0, -0.5, 0
(787.5, 372.0), (825.0, 372.0), 0.0, 0.5, 0
(787.5, 380.0), (825.0, 380.0), 0.0, -0.5, 0
(787.5, 388.0), (825.0, 388.0), 0.0, 0.5, 0
(787.5, 396.0), (825.0, 396.0), 0.0, -0.5, 0
(787.5, 404.0), (825.0, 404.0), 0.0, 0.5, 0
(787.5, 412.0), (825.0, 412.0), 0.0, -0.5, 0
(787.5, 420.0), (825.0, 420.0), 0.0, 0.5, 0
(787.5, 428.0), (825.0, 428.0), 0.0, -0.5, 0
(787.5, 436.0), (825.0, 436.0), 0.0, 0.5, 0
(787.5, 444.0), (825.0, 444.0), 0.0, -0.5, 0
(787.5, 452.0), (825.0, 452.0), 0.0, 0.5, 0
(787.5, 460.0), (825.0, 460.0), 0.0, -0.5, 0
(787.5, 468.0), (825.0, 468.0), 0.0, 0.5, 0
(787.5, 476.0), (825.0, 476.0), 0.0, -0.5, 0
(787.5, 484.0), (825.0, 484.0), 0.0, 0.5, 0
(787.5, 492.0), (825.0, 492.0), 0.0, -0.5, 0
(787.5, 500.0), (825.0, 500.0), 0.0, 0.5, 0
(787.5, 508.0), (825.0, 508.0), 0.0, -0.5, 0
(787.5, 516.0), (825.0, 516.0), 0.0, 0.5, 0
(787.5, 524.0), (825.0, 524.0), 0.0, -0.5, 0
(787.5, 532.0), (825.0, 532.0), 0.0, 0.5, 0
(787.5, 540.0), (825.0, 540.0), 0.0, -0.5, 0
(787.5, 548.0), (825.0, 548.0), 0.0, 0.5, 0
(787.5, 556.0), (825.0, 556.0), 0.0, -0.5, 0
(787.5, 564.0), (825.0, 564.0), 0.0, 0.5, 0
(787.5, 572.0), (825.0, 572.0), 0.0, -0.5, 0
(787.5, 580.0), (825.0, 580.0), 0.0, 0.5, 0
(787.5, 588.0), (825.0, 588.0), 0.0, -0.5, 0
(787.5, 596.0), (825.0, 596.0), 0.0, 0.5, 0
(787.5, 604.0), (825.0, 604.0), 0.0, -0.5, 0
(787.5, 612.0), (825.0, 612.0), 0.0, 0.5, 0
(787.5, 620.0), (825.0, 620.0), 0.0, -0.5, 0
(787.5, 628.0), (825.0, 628.0), 0.0, 0.5, 0
(787.5, 636.0), (825.0, 636.0), 0.0, -0.5, 0
(787.5, 644.0), (825.0, 644.0), 0.0, 0.5, 0
(787.5, 652.0), (825.0, 652.0), 0.0, -0.5, 0
(787.5, 660.0), (825.0, 660.0), 0.0, 0.5, 0
(787.5, 668.0), (825.0, 668.0), 0.0, -0.5, 0
(787.5, 676.0), (825.0, 676.0), 0.0, 0.5, 0
(787.5, 684.0), (825.0, 684.0), 0.0, -0.5, 0
(787.5, 692.0), (825.0, 692.0), 0.0, 0.5, 0
(787.5, 700.0), (825.0, 700.0), 0.0, -0.5, 0
(787.5, 708.0), (825.0, 708.0), 0.0, 0.5, 0
(787.5, 716.0), (825.0, 716.0), 0.0, -0.5, 0
(787.5, 724.0), (825.0, 724.0), 0.0, 0.5, 0
(787.5, 732.0), (825.0, 732.0), 0.0, -0.5, 0
(787.5, 740.0), (825.0, 740.0), 0.0, 0.5, 0
(787.5, 748.0), (825.0, 748.0), 0.0, -0.5, 0
(787.5, 756.0), (825.0, 756.0), 0.0, 0.5, 0
(787.5, 764.0), (825.0, 764.0), 0.0, -0.5, 0
(787.5, 772.0), (825.0, 772.0), 0.0, 0.5, 0
(787.5, 780.0), (825.0, 780.0), 0.0, -0.5, 0
(787.5, 788.0), (825.0, 788.0), 0.0, 0.5, 0
(787.5, 796.0), (825.0, 796.0), 0.0, -0.5, 0
(937.5, 4.0), (975.0, 4.0), 0.0, 0.5, 1
(937.5, 12.0), (975.0, 12.0), 0.0, -0.5, 1
(937.5, 20.0), (975.0, 20.0), 0.0, 0.5, 1
(937.5, 28.0), (975.0, 28.0), 0.0, -0.5, 1
(937.5, 36.0), (975.0, 36.0), 0.0, 0.5, 1
(937.5, 44.0), (975.0, 44.0), 0.0, -0.5, 1
(937.5, 52.0), (975.0, 52.0), 0.0, 0.5, 1
(937.5, 60.0), (975.0, 60.0), 0.0, -0.5, 1
(937.5, 68.0), (975.0, 68.0), 0.0, 0.5, 1
(937.5, 76.0), (975.0, 76.0), 0.0, -0.5, 1
(937.5, 84.0), (975.0, 84.0), 0.0, 0.5, 1
(937.5, 92.0), (975.0, 92.0), 0.0, -0.5, 1
(937.5, 100.0), (975.0, 100.0), 0.0, 0.5, 1
(937.5, 108.0), (975.0, 108.0), 0.0, -0.5, 1
(937.5, 116.0), (975.0, 116.0), 0.0, 0.5, 1
(937.5, 124.0), (975.0, 124.0), 0.0, -0.5, 1
(937.5, 132.0), (975.0, 132.0), 0.0, 0.5, 1
(937.5, 140.0), (975.0, 140.0), 0.0, -0.5, 1
(937.5, 148.0), (975.0, 148.0), 0.0, 0.5, 1
(937.5, 156.0), (975.0, 156.0), 0.0, -0.5, 1
(937.5, 164.0), (975.0, 164.0), 0.0, 0.5, 1
(937.5, 172.0), (975.0, 172.0), 0.0, -0.5, 1
(937.5, 180.0), (975.0, 180.0), 0.0, 0.5, 1
(937.5, 188.0), (975.0, 188.0), 0.0, -0.5, 1
(937.5, 196.0), (975.0, 196.0), 0.0, 0.5, 1
(937.5, 204.0), (975.0, 204.0), 0.0, -0.5, 1
(937.5, 212.0), (975.0, 212.0), 0.0, 0.5, 1
(937.5, 220.0), (975.0, 220.0), 0.0, -0.5, 1
(937.5, 228.0), (975.0, 228.0), 0.0, 0.5, 1
(937.5, 236.0), (975.0, 236.0), 0.0, -0.5, 1
(937.5, 244.0), (975.0, 244.0), 0.0, 0.5, 1
(937.5, 252.0), (975.0, 252.0), 0.0, -0.5, 1
(937.5, 260.0), (975.0, 260.0), 0.0, 0.5, 1
(937.5, 268.0), (975.0, 268.0), 0.0, -0.5, 1
(937.5, 276.0), (975.0, 276.0), 0.0, 0.5, 1
(937.5, 284.0), (975.0, 284.0), 0.0, -0.5, 1
(937.5, 292.0), (975.0, 292.0), 0.0, 0.5, 1
(937.5, 300.0), (975.0, 300.0), 0.0, -0.5, 1
(937.5, 308.0), (975.0, 308.0), 0.0, 0.5, 1
(937.5, 316.0), (975.0, 316.0), 0.0, -0.5, 1
(937.5, 324.0), (975.0, 324.0), 0.0, 0.5, 1
(937.5, 332.0), (975.0, 332.0), 0.0, -0.5, 1
(937.5, 340.0), (975.0, 340.0), 0.0, 0.5, 1
(937.5, 348.0), (975.0, 348.0), 0.0, -0.5, 1
(937.5, 356.0), (975.0, 356.0), 0.0, 0.5, 1
(937.5, 364.0), (975.0, 364.0), 0.0, -0.5, 1
(937.5, 372.0), (975.0, 372.0), 0.0, 0.5, 1
(937.5, 380.0), (975.0, 380.0), 0.0, -0.5, 1
(937.5, 388.0), (975.0, 388.0), 0.0, 0.5, 1
(937.5, 396.0), (975.0, 396.0), 0.0, -0.5, 1
(937.5, 404.0), (975.0, 404.0), 0.0, 0.5, 1
(937.5, 412.0), (975.0, 412.0), 0.0, -0.5, 1
(937.5, 420.0), (975.0, 420.0), 0.0, 0.5, 1
(937.5, 428.0), (975.0, 428.0), 0.0, -0.5, 1
(937.5, 436.0), (975.0, 436.0), 0.0, 0.5, 1
(937.5, 444.0), (975.0, 444.0), 0.0, -0.5, 1
(937.5, 452.0), (975.0, 452.0), 0.0, 0.5, 1
(937.5, 460.0), (975.0, 460.0), 0.0, -0.5, 1
(937.5, 468.0), (975.0, 468.0), 0.0, 0.5, 1
(937.5, 476.0), (975.0, 476.0), 0.0, -0.5, 1
(937.5, 484.0), (975.0, 484.0), 0.0, 0.5, 1
(937.5, 492.0), (975.0, 492.0), 0.0, -0.5, 1
(937.5, 500.0), (975.0, 500.0), 0.0, 0.5, 1
(937.5, 508.0), (975.0, 508.0), 0.0, -0.5, 1
(937.5, 516.0), (975.0, 516.0), 0.0, 0.5, 1
(937.5, 524.0), (975.0, 524.0), 0.0, -0.5, 1
(937.5, 532.0), (975.0, 532.0), 0.0, 0.5, 1
(937.5, 540.0), (975.0, 540.0), 0.0, -0.5, 1
(937.5, 548.0), (975.0, 548.0), 0.0, 0.5, 1
(937.5, 556.0), (975.0, 556.0), 0.0, -0.5, 1
(937.5, 564.0), (975.0, 564.0), 0.0, 0.5, 1
(937.5, 572.0), (975.0, 572.0), 0.0, -0.5, 1
(937.5, 580.0), (975.0, 580.0), 0.0, 0.5, 1
(937.5, 588.0), (975.0, 588.0), 0.0, -0.5, 1
(937.5, 596.0), (975.0, 596.0), 0.0, 0.5, 1
(937.5, 604.0), (975.0, 604.0), 0.0, -0.5, 1
(937.5, 612.0), (975.0, 612.0), 0.0, 0.5, 1
(937.5, 620.0), (975.0, 620.0), 0.0, -0.5, 1
(937.5, 628.0), (975.0, 628.0), 0.0, 0.5, 1
(937.5, 636.0), (975.0, 636.0), 0.0, -0.5, 1
(937.5, 644.0), (975.0, 644.0), 0.0, 0.5, 1
(937.5, 652.0), (975.0, 652.0), 0.0, -0.5, 1
(937.5, 660.0), (975.0, 660.0), 0.0, 0.5, 1
(937.5, 668.0), (975.0, 668.0), 0.0, -0.5, 1
(937.5, 676.0), (975.0, 676.0), 0.0, 0.5, 1
(937.5, 684.0), (975.0, 684.0), 0.0, -0.5, 1
(937.5, 692.0), (975.0, 692.0), 0.0, 0.5, 1
(937.5, 700.0), (975.0, 700.0), 0.0, -0.5, 1
(937.5, 708.0), (975.0, 708.0), 0.0, 0.5, 1
(937.5, 716.0), (975.0, 716.0), 0.0, -0.5, 1
(937.5, 724.0), (975.0, 724.0), 0.0, 0.5, 1
(937.5, 732.0), (975.0, 732.0), 0.0, -0.5, 1
(937.5, 740.0), (975.0, 740.0), 0.0, 0.5, 1
(937.5, 748.0), (975.0, 748.0), 0.0, -0.5, 1
(937.5, 756.0), (975.0, 756.0), 0.0, 0.5, 1
(937.5, 764.0), (975.0, 764.0), 0.0, -0.5, 1
(937.5, 772.0), (975.0, 772.0), 0.0, 0.5, 1
(937.5, 780.0), (975.0, 780.0), 0.0, -0.5, 1
(937.5, 788.0), (975.0, 788.0), 0.0, 0.5, 1
(937.5, 796.0), (975.0, 796.0), 0.0, -0.5, 1
(1087.5, 4.0), (1125.0, 4.0), 0.0, 0.5, 0
(1087.5, 12.0), (1125.0, 12.0), 0.0, -0.5, 0
(1087.5, 20.0), (1125.0, 20.0), 0.0, 0.5, 0
(1087.5, 28.0), (1125.0, 28.0), 0.0, -0.5, 0
(1087.5, 36.0), (1125.0, 36.0), 0.0, 0.5, 0
(1087.5, 44.0), (1125.0, 44.0), 0.0, -0.5, 0
(1087.5, 52.0), (1125.0, 52.0), 0.0, 0.5, 0
(1087.5, 60.0), (1125.0, 60.0), 0.0, -0.5, 0
(1087.5, 68.0), (1125.0, 68.0), 0.0, 0.5, 0
(1087.5, 76.0), (1125.0, 76.0), 0.0, -0.5, 0
(1087.5, 84.0), (1125.0, 84.0), 0.0, 0.5, 0
(1087.5, 92.0), (1125.0, 92.0), 0.0, -0.5, 0
(1087.5, 100.0), (1125.0, 100.0), 0.0, 0.5, 0
(1087.5, 108.0), (1125.0, 108.0), 0.0, -0.5, 0
(1087.5, 116.0), (1125.0, 116.0), 0.0, 0.5, 0
(1087.5, 124.0), (1125.0, 124.0), 0.0, -0.5, 0
(1087.5, 132.0), (1125.0, 132.0), 0.0, 0.5, 0
(1087.5, 140.0), (1125.0, 140.0), 0.0, -0.5, 0
(1087.5, 148.0), (1125.0, 148.0), 0.0, 0.5, 0
(1087.5, 156.0), (1125.0, 156.0), 0.0, -0.5, 0
(1087.5, 164.0), (1125.0, 164.0), 0.0, 0.5, 0
(1087.5, 172.0), (1125.0, 172.0), 0.0, -0.5, 0
(1087.5, 180.0), (1125.0, 180.0), 0.0, 0.5, 0
(1087.5, 188.0), (1125.0, 188.0), 0.0, -0.5, 0
(1087.5, 196.0), (1125.0, 196.0), 0.0, 0.5, 0
(1087.5, 204.0), (1125.0, 204.0), 0.0, -0.5, 0
(1087.5, 212.0), (1125.0, 212.0), 0.0, 0.5, 0
(1087.5, 220.0), (1125.0, 220.0), 0.0, -0.5, 0
(1087.5, 228.0), (1125.0, 228.0), 0.0, 0.5, 0
(1087.5, 236.0), (1125.0, 236.0), 0.0, -0.5, 0
(1087.5, 244.0), (1125.0, 244.0), 0.0, 0.5, 0
(1087.5, 252.0), (1125.0, 252.0), 0.0, -0.5, 0
(1087.5, 260.0), (1125.0, 260.0), 0.0, 0.5, 0
(1087.5, 268.0), (1125.0, 268.0), 0.0, -0.5, 0
(1087.5, 276.0), (1125.0, 276.0), 0.0, 0.5, 0
(1087.5, 284.0), (1125.0, 284.0), 0.0, -0.5, 0
(1087.5, 292.0), (1125.0, 292.0), 0.0, 0.5, 0
(1087.5, 300.0), (1125.0, 300.0), 0.0, -0.5, 0
(1087.5, 308.0), (1125.0, 308.0), 0.0, 0.5, 0
(1087.5, 316.0), (1125.0, 316.0), 0.0, -0.5, 0
(1087.5, 324.0), (1125.0, 324.0), 0.0, 0.5, 0
(1087.5, 332.0), (1125.0, 332.0), 0.0, -0.5, 0
(1087.5, 340.0), (1125.0, 340.0), 0.0, 0.5, 0
(1087.5, 348.0), (1125.0, 348.0), 0.0, -0.5, 0
(1087.5, 356.0), (1125.0, 356.0), 0.0, 0.5, 0
(1087.5, 364.0), (1125.0, 364.0), 0.0, -0.5, 0
(1087.5, 372.0), (1125.0, 372.0), 0.0, 0.5, 0
(1087.5, 380.0), (1125.0, 380.0), 0.0, -0.5, 0
(1087.5, 388.0), (1125.0, 388.0), 0.0, 0.5, 0
(1087.5, 396.0), (1125.0, 396.0), 0.0, -0.5, 0
(1087.5, 404.0), (1125.0, 404.0), 0.0, 0.5, 0
(1087.5, 412.0), (1125.0, 412.0), 0.0, -0.5, 0
(1087.5, 420.0), (1125.0, 420.0), 0.0, 0.5, 0
(1087.5, 428.0), (1125.0, 428.0), 0.0, -0.5, 0
(1087.5, 436.0), (1125.0, 436.0), 0.0, 0.5, 0
(1087.5, 444.0), (1125.0, 444.0), 0.0, -0.5, 0
(1087.5, 452.0), (1125.0, 452.0), 0.0, 0.5, 0
(1087.5, 460.0), (1125.0, 460.0), 0.0, -0.5, 0
(1087.5, 468.0), (1125.0, 468.0), 0.0, 0.5, 0
(1087.5, 476.0), (1125.0, 476.0), 0.0, -0.5, 0
(1087.5, 484.0), (1125.0, 484.0), 0.0, 0.5, 0
(1087.5, 492.0), (1125.0, 492.0), 0.0, -0.5, 0
(1087.5, 500.0), (1125.0, 500.0), 0.0, 0.5, 0
(1087.5, 508.0), (1125.0, 508.0), 0.0, -0.5, 0
(1087.5, 516.0), (1125.0, 516.0), 0.0, 0.5, 0
(1087.5, 524.0), (1125.0, 524.0), 0.0, -0.5, 0
(1087.5, 532.0), (1125.0, 532.0), 0.0, 0.5, 0
(1087.5, 540.0), (1125.0, 540.0), 0.0, -0.5, 0
(1087.5, 548.0), (1125.0, 548.0), 0.0, 0.5, 0
(1087.5, 556.0), (1125.0, 556.0), 0.0, -0.5, 0
(1087.5, 564.0), (1125.0, 564.0), 0.0, 0.5, 0
(1087.5, 572.0), (1125.0, 572.0), 0.0, -0.5, 0
(1087.5, 580.0), (1125.0, 580.0), 0.0, 0.5, 0
(1087.5, 588.0), (1125.0, 588.0), 0.0, -0.5, 0
(1087.5, 596.0), (1125.0, 596.0), 0.0, 0.5, 0
(1087.5, 604.0), (1125.0, 604.0), 0.0, -0.5, 0
(1087.5, 612.0), (1125.0, 612.0), 0.0, 0.5, 0
(1087.5, 620.0), (1125.0, 620.0), 0.0, -0.5, 0
(1087.5, 628.0), (1125.0, 628.0), 0.0, 0.5, 0
(1087.5, 636.0), (1125.0, 636.0), 0.0, -0.5, 0
(1087.5, 644.0), (1125.0, 644.0), 0.0, 0.5, 0
(1087.5, 652.0), (1125.0, 652.0), 0.0, -0.5, 0
(1087.5, 660.0), (1125.0, 660.0), 0.0, 0.5, 0
(1087.5, 668.0), (1125.0, 668.0), 0.0, -0.5, 0
(1087.5, 676.0), (1125.0, 676.0), 0.0, 0.5, 0
(1087.5, 684.0), (1125.0, 684.0), 0.0, -0.5, 0
(1087.5, 692.0), (1125.0, 692.0), 0.0, 0.5, 0
(1087.5, 700.0), (1125.0, 700.0), 0.0, -0.5, 0
(1087.5, 708.0), (1125.0, 708.0), 0.0, 0.5, 0
(1087.5, 716.0), (1125.0, 716.0), 0.0, -0.5, 0
(1087.5, 724.0), (1125.0, 724.0), 0.0, 0.5, 0
(1087.5, 732.0), (1125.0, 732.0), 0.0, -0.5, 0
(1087.5, 740.0), (1125.0, 740.0), 0.0, 0.5, 0
(1087.5, 748.0), (1125.0, 748.0), 0.0, -0.5, 0
(1087.5, 756.0), (1125.0, 756.0), 0.0, 0.5, 0
(1087.5, 764.0), (1125.0, 764.0), 0.0, -0.5, 0
(1087.5, 772.0), (1125.0, 772.0), 0.0, 0.5, 0
(1087.5, 780.0), (1125.0, 780.0), 0.0, -0.5, 0
(1087.5, 788.0), (1125.0, 788.0), 0.0, 0.5, 0
(1087.5, 796.0), (1125.0, 796.0), 0.0, -0.5, 0
